96
Alouatta_belzebul            0.0000000 0.0023168 0.0072987 0.0000010 0.0472756 0.0580549 0.0553485 0.0472756 0.0289682 0.0315097 0.0289682 0.0315097 0.0388628 0.0387987 0.0450158 0.0420259 0.0421788 0.0420259 0.0529089 0.0569765 0.0622257 0.0594919 0.0622257 0.0596067 0.0566535 0.0369067 0.0369067 0.0369726 0.0420259 0.0450288 0.0480109 0.0214452 0.0623548 0.0726901 0.0606822 0.0679283 0.0623400 0.0641983 0.0700628 0.0501492 0.0523977 0.0500560 0.0501492 0.0497836 0.0497836 0.0551347 0.0498736 0.0539659 0.0539659 0.0539707 0.0645036 0.0596614 0.0512756 0.0628116 0.0512756 0.0628116 0.0477370 0.0477370 0.0394644 0.0419665 0.1062218 0.0934854 0.0889055 0.1432571 0.1328987 0.0826387 0.0826317 0.0888981 0.1102311 0.1327423 0.0890762 0.1327423 0.1006219 0.1081881 0.1073451 0.1561240 0.0799248 0.1983736 0.0855042 0.0826387 0.1848633 0.1093757 0.0980122 0.2480739 0.1095363 0.0827897 0.0984210 0.0943301 0.1292913 0.0999622 0.1421848 0.0883824 0.0885226 0.0917174 0.0978036 0.1356270 
Alouatta_caraya              0.0023168 0.0000000 0.0097574 0.0023168 0.0498866 0.0611307 0.0584276 0.0498866 0.0314607 0.0340186 0.0314607 0.0340186 0.0413945 0.0413258 0.0476338 0.0446075 0.0447703 0.0446075 0.0555657 0.0597136 0.0649775 0.0622311 0.0649775 0.0623514 0.0593743 0.0394644 0.0394644 0.0395350 0.0446075 0.0476471 0.0506616 0.0238877 0.0651106 0.0759274 0.0639004 0.0708262 0.0650971 0.0669296 0.0728342 0.0527879 0.0550287 0.0526896 0.0527879 0.0524022 0.0524022 0.0577834 0.0524972 0.0566734 0.0566734 0.0566784 0.0677661 0.0628179 0.0539707 0.0659849 0.0539707 0.0659849 0.0503731 0.0503731 0.0420342 0.0447058 0.1062218 0.0964634 0.0918197 0.1464680 0.1360488 0.0855113 0.0855042 0.0918121 0.1132582 0.1359458 0.0919974 0.1359458 0.1035872 0.1112211 0.1106084 0.1594413 0.0827897 0.2019899 0.0883897 0.0855113 0.1883298 0.1129009 0.1009737 0.2529534 0.1125443 0.0856667 0.1013969 0.0972570 0.1324775 0.1045223 0.1455475 0.0912808 0.0914237 0.0949265 0.1009358 0.1388383 
Alouatta_palliata            0.0072987 0.0097574 0.0000000 0.0072987 0.0521939 0.0614208 0.0587071 0.0521939 0.0328748 0.0355540 0.0328748 0.0355540 0.0432655 0.0431901 0.0442974 0.0466578 0.0468355 0.0466578 0.0581677 0.0623386 0.0681034 0.0652190 0.0681034 0.0653507 0.0622135 0.0412709 0.0412709 0.0413481 0.0466578 0.0498628 0.0474121 0.0249475 0.0682470 0.0802125 0.0708808 0.0712793 0.0682349 0.0642836 0.0704024 0.0552493 0.0575802 0.0551415 0.0552493 0.0548271 0.0548271 0.0604743 0.0549310 0.0593771 0.0593771 0.0593825 0.0716546 0.0663176 0.0565404 0.0696687 0.0565404 0.0696687 0.0527254 0.0527254 0.0439627 0.0449003 0.1155390 0.1040724 0.0990617 0.1541165 0.1430802 0.0923812 0.0923734 0.0990533 0.1217313 0.1430962 0.0992664 0.1360830 0.1114684 0.1196213 0.1196569 0.1679533 0.0895246 0.2133496 0.0954138 0.0923812 0.1985875 0.1165146 0.1087329 0.2542755 0.1209311 0.0925569 0.1092140 0.1047646 0.1394291 0.1101426 0.1349249 0.0984604 0.0986156 0.1030872 0.1091653 0.1461400 
Alouatta_sara                0.0000010 0.0023168 0.0072987 0.0000000 0.0472756 0.0580549 0.0553485 0.0472756 0.0289682 0.0315097 0.0289682 0.0315097 0.0388628 0.0387987 0.0450158 0.0420259 0.0421788 0.0420259 0.0529089 0.0569765 0.0622257 0.0594919 0.0622257 0.0596067 0.0566535 0.0369067 0.0369067 0.0369726 0.0420259 0.0450288 0.0480109 0.0214452 0.0623548 0.0726901 0.0606822 0.0679283 0.0623400 0.0641983 0.0700628 0.0501492 0.0523977 0.0500560 0.0501492 0.0497836 0.0497836 0.0551347 0.0498736 0.0539659 0.0539659 0.0539707 0.0645036 0.0596614 0.0512756 0.0628116 0.0512756 0.0628116 0.0477370 0.0477370 0.0394644 0.0419665 0.1062218 0.0934854 0.0889055 0.1432571 0.1328987 0.0826387 0.0826317 0.0888981 0.1102311 0.1327423 0.0890762 0.1327423 0.1006219 0.1081881 0.1073451 0.1561240 0.0799248 0.1983736 0.0855042 0.0826387 0.1848633 0.1093757 0.0980122 0.2480739 0.1095363 0.0827897 0.0984210 0.0943301 0.1292913 0.0999622 0.1421848 0.0883824 0.0885226 0.0917174 0.0978036 0.1356270 
Aotus_azarae                 0.0472756 0.0498866 0.0521939 0.0472756 0.0000000 0.0079520 0.0000010 0.0045979 0.0369679 0.0395943 0.0369679 0.0395943 0.0417907 0.0417968 0.0340269 0.0187843 0.0188492 0.0187843 0.0237295 0.0318948 0.0368516 0.0394729 0.0368516 0.0369853 0.0317231 0.0140210 0.0140210 0.0140447 0.0187843 0.0213796 0.0314100 0.0291909 0.0341861 0.0365719 0.0433893 0.0357080 0.0317779 0.0390090 0.0443468 0.0337573 0.0360006 0.0311630 0.0337573 0.0335198 0.0335198 0.0385683 0.0335775 0.0292246 0.0292246 0.0316090 0.0344411 0.0338172 0.0291056 0.0308518 0.0317918 0.0308518 0.0238564 0.0238564 0.0163986 0.0173846 0.0649800 0.0703554 0.0638172 0.1203125 0.1106310 0.0580909 0.0580859 0.0638118 0.0835686 0.1101047 0.0639280 0.1101047 0.0747554 0.0815135 0.0787894 0.1418237 0.0555233 0.1857792 0.0607625 0.0580909 0.1624166 0.0785879 0.0722505 0.2105943 0.0830576 0.0581921 0.0725302 0.0689732 0.1041051 0.0813351 0.1116796 0.0634465 0.0635557 0.0641460 0.0706503 0.1128655 
Aotus_griseimembra           0.0580549 0.0611307 0.0614208 0.0580549 0.0079520 0.0000000 0.0080143 0.0026305 0.0459398 0.0490439 0.0459398 0.0490439 0.0546596 0.0546665 0.0423830 0.0244397 0.0245375 0.0244397 0.0302357 0.0398235 0.0426988 0.0457646 0.0426988 0.0428782 0.0397396 0.0133994 0.0133994 0.0134254 0.0244397 0.0275210 0.0392881 0.0367702 0.0426094 0.0419230 0.0465155 0.0489604 0.0458632 0.0482059 0.0545273 0.0420010 0.0445588 0.0389365 0.0420010 0.0416579 0.0416579 0.0475820 0.0417424 0.0368142 0.0368142 0.0395738 0.0397677 0.0389989 0.0366434 0.0358182 0.0398370 0.0358182 0.0246977 0.0246977 0.0161251 0.0162536 0.0873322 0.0826543 0.0747385 0.1347665 0.1232443 0.0679269 0.0679203 0.0747313 0.0982012 0.1303652 0.0748939 0.1303652 0.0876619 0.0958635 0.0847431 0.1686697 0.0649204 0.2184848 0.0710747 0.0679269 0.1937793 0.0789759 0.0847393 0.2116200 0.0939856 0.0680648 0.0851291 0.0807746 0.1264620 0.0813351 0.1072882 0.0742388 0.0743804 0.0682226 0.0777985 0.1336359 
Aotus_nancymaae              0.0553485 0.0584276 0.0587071 0.0553485 0.0000010 0.0080143 0.0000000 0.0053170 0.0432173 0.0463193 0.0432173 0.0463193 0.0458293 0.0458366 0.0396902 0.0217916 0.0218790 0.0217916 0.0247456 0.0371043 0.0399884 0.0430522 0.0399884 0.0401563 0.0370263 0.0162536 0.0162536 0.0162847 0.0217916 0.0248478 0.0366028 0.0340553 0.0399042 0.0390684 0.0433893 0.0401434 0.0371009 0.0455234 0.0518364 0.0393289 0.0419099 0.0362725 0.0393289 0.0390071 0.0390071 0.0449302 0.0390860 0.0340984 0.0340984 0.0368711 0.0368429 0.0361286 0.0339380 0.0329505 0.0371182 0.0329505 0.0277451 0.0277451 0.0190172 0.0190172 0.0801470 0.0829850 0.0750260 0.1430055 0.1312193 0.0681812 0.0681745 0.0750187 0.0986099 0.1310089 0.0751827 0.1310089 0.0880125 0.0962623 0.0850807 0.1646464 0.0651610 0.2197832 0.0713436 0.0681812 0.1948532 0.0785879 0.0850767 0.2105943 0.0943684 0.0683202 0.0854699 0.0810897 0.1237816 0.0813351 0.0954818 0.0745228 0.0746651 0.0684793 0.0781005 0.1342983 
Aotus_trivirgatus            0.0472756 0.0498866 0.0521939 0.0472756 0.0045979 0.0026305 0.0053170 0.0000000 0.0369679 0.0395943 0.0369679 0.0395943 0.0470240 0.0470301 0.0340269 0.0187843 0.0188492 0.0187843 0.0237295 0.0318948 0.0368516 0.0394729 0.0368516 0.0369853 0.0317231 0.0140210 0.0140210 0.0140447 0.0187843 0.0213796 0.0314100 0.0291909 0.0341861 0.0365719 0.0433893 0.0410977 0.0369157 0.0390090 0.0443468 0.0337573 0.0360006 0.0311630 0.0337573 0.0335198 0.0335198 0.0385683 0.0335775 0.0292246 0.0292246 0.0316090 0.0344411 0.0338172 0.0291056 0.0308518 0.0317918 0.0308518 0.0238564 0.0238564 0.0163986 0.0173846 0.0649800 0.0703554 0.0638172 0.1140611 0.1045175 0.0580909 0.0580859 0.0638118 0.0835686 0.1101047 0.0639280 0.1101047 0.0747554 0.0815135 0.0787894 0.1418237 0.0555233 0.1857792 0.0607625 0.0580909 0.1624166 0.0785879 0.0722505 0.2105943 0.0830576 0.0581921 0.0725302 0.0689732 0.1068653 0.0813351 0.1116796 0.0634465 0.0635557 0.0641460 0.0706503 0.1128655 
Ateles_belzebuth             0.0289682 0.0314607 0.0328748 0.0289682 0.0369679 0.0459398 0.0432173 0.0369679 0.0000000 0.0023282 0.0000010 0.0023282 0.0288673 0.0288211 0.0399040 0.0318326 0.0319473 0.0318326 0.0424223 0.0461738 0.0513654 0.0541630 0.0513654 0.0515600 0.0459142 0.0268073 0.0268073 0.0268546 0.0318326 0.0346910 0.0375458 0.0117986 0.0514774 0.0599346 0.0609505 0.0564987 0.0514588 0.0534195 0.0591264 0.0449993 0.0472669 0.0449157 0.0449993 0.0446719 0.0446719 0.0499744 0.0447524 0.0432773 0.0432773 0.0486922 0.0581725 0.0535245 0.0460165 0.0503072 0.0460165 0.0503072 0.0373302 0.0373302 0.0293170 0.0311581 0.1003288 0.0843192 0.0799472 0.1267465 0.1167331 0.0738246 0.0738183 0.0799405 0.1008799 0.1163006 0.0800967 0.1163006 0.0914796 0.0988195 0.0972761 0.1457805 0.0711405 0.1946122 0.0766433 0.0738246 0.1669290 0.0985037 0.0888866 0.2227748 0.1002454 0.0739578 0.0892510 0.0853199 0.1129526 0.0915086 0.1317409 0.0794747 0.0796057 0.0818595 0.0881600 0.1191373 
Ateles_chamek                0.0315097 0.0340186 0.0355540 0.0315097 0.0395943 0.0490439 0.0463193 0.0395943 0.0023282 0.0000000 0.0023282 0.0000010 0.0313998 0.0313491 0.0425730 0.0344208 0.0345453 0.0344208 0.0451043 0.0489441 0.0541605 0.0569817 0.0541605 0.0543664 0.0486676 0.0293629 0.0293629 0.0294150 0.0344208 0.0373211 0.0402136 0.0142149 0.0542774 0.0632358 0.0643181 0.0594504 0.0542594 0.0561976 0.0619566 0.0476975 0.0499614 0.0476086 0.0476975 0.0473491 0.0473491 0.0526919 0.0474348 0.0460130 0.0460130 0.0514686 0.0615367 0.0567696 0.0487750 0.0535215 0.0487750 0.0535215 0.0399826 0.0399826 0.0318891 0.0339003 0.1072016 0.0874191 0.0829707 0.1274846 0.1200525 0.0767916 0.0767850 0.0829637 0.1040676 0.1196764 0.0831275 0.1196764 0.0945817 0.1020103 0.1007013 0.1493902 0.0740938 0.1987330 0.0796295 0.0767916 0.1707180 0.1022033 0.0919792 0.2283030 0.1034114 0.0769305 0.0923591 0.0883683 0.1163011 0.0963252 0.1353645 0.0824804 0.0826148 0.0851880 0.0914261 0.1225279 
Ateles_fusciceps             0.0289682 0.0314607 0.0328748 0.0289682 0.0369679 0.0459398 0.0432173 0.0369679 0.0000010 0.0023282 0.0000000 0.0023282 0.0288673 0.0288211 0.0399040 0.0318326 0.0319473 0.0318326 0.0424223 0.0461738 0.0513654 0.0541630 0.0513654 0.0515600 0.0459142 0.0268073 0.0268073 0.0268546 0.0318326 0.0346910 0.0375458 0.0117986 0.0514774 0.0599346 0.0609505 0.0564987 0.0514588 0.0534195 0.0591264 0.0449993 0.0472669 0.0449157 0.0449993 0.0446719 0.0446719 0.0499744 0.0447524 0.0432773 0.0432773 0.0486922 0.0581725 0.0535245 0.0460165 0.0503072 0.0460165 0.0503072 0.0373302 0.0373302 0.0293170 0.0311581 0.1003288 0.0843192 0.0799472 0.1267465 0.1167331 0.0738246 0.0738183 0.0799405 0.1008799 0.1163006 0.0800967 0.1163006 0.0914796 0.0988195 0.0972761 0.1457805 0.0711405 0.1946122 0.0766433 0.0738246 0.1669290 0.0985037 0.0888866 0.2227748 0.1002454 0.0739578 0.0892510 0.0853199 0.1129526 0.0915086 0.1317409 0.0794747 0.0796057 0.0818595 0.0881600 0.1191373 
Ateles_paniscus              0.0315097 0.0340186 0.0355540 0.0315097 0.0395943 0.0490439 0.0463193 0.0395943 0.0023282 0.0000010 0.0023282 0.0000000 0.0313998 0.0313491 0.0425730 0.0344208 0.0345453 0.0344208 0.0451043 0.0489441 0.0541605 0.0569817 0.0541605 0.0543664 0.0486676 0.0293629 0.0293629 0.0294150 0.0344208 0.0373211 0.0402136 0.0142149 0.0542774 0.0632358 0.0643181 0.0594504 0.0542594 0.0561976 0.0619566 0.0476975 0.0499614 0.0476086 0.0476975 0.0473491 0.0473491 0.0526919 0.0474348 0.0460130 0.0460130 0.0514686 0.0615367 0.0567696 0.0487750 0.0535215 0.0487750 0.0535215 0.0399826 0.0399826 0.0318891 0.0339003 0.1072016 0.0874191 0.0829707 0.1274846 0.1200525 0.0767916 0.0767850 0.0829637 0.1040676 0.1196764 0.0831275 0.1196764 0.0945817 0.1020103 0.1007013 0.1493902 0.0740938 0.1987330 0.0796295 0.0767916 0.1707180 0.1022033 0.0919792 0.2283030 0.1034114 0.0769305 0.0923591 0.0883683 0.1163011 0.0963252 0.1353645 0.0824804 0.0826148 0.0851880 0.0914261 0.1225279 
Brachyteles_arachnoides      0.0388628 0.0413945 0.0432655 0.0388628 0.0417907 0.0546596 0.0458293 0.0470240 0.0288673 0.0313998 0.0288673 0.0313998 0.0000000 0.0046115 0.0447745 0.0418025 0.0419539 0.0418025 0.0526255 0.0566646 0.0618866 0.0647384 0.0618866 0.0621212 0.0563450 0.0367105 0.0367105 0.0367757 0.0418025 0.0447875 0.0424380 0.0213705 0.0564644 0.0625453 0.0671642 0.0616999 0.0564472 0.0638524 0.0696839 0.0552336 0.0574600 0.0551311 0.0552336 0.0548307 0.0548307 0.0602223 0.0549300 0.0482337 0.0482337 0.0536658 0.0608502 0.0561534 0.0509858 0.0529427 0.0509858 0.0529427 0.0447011 0.0447011 0.0392545 0.0417299 0.0982426 0.0955488 0.0909561 0.1451592 0.1348214 0.0847058 0.0846988 0.0909486 0.1087584 0.1346993 0.0911303 0.1280955 0.0999120 0.1074201 0.1065237 0.1543703 0.0820053 0.2034405 0.0875598 0.0847058 0.1611434 0.1081973 0.0973174 0.2200212 0.1087676 0.0848587 0.1004488 0.0936638 0.1218348 0.0909688 0.1441825 0.0904267 0.0878948 0.0907741 0.0999415 0.1309469 
Brachyteles_hypoxanthus      0.0387987 0.0413258 0.0431901 0.0387987 0.0417968 0.0546665 0.0458366 0.0470301 0.0288211 0.0313491 0.0288211 0.0313491 0.0046115 0.0000000 0.0447807 0.0418086 0.0419600 0.0418086 0.0526314 0.0566701 0.0618919 0.0647432 0.0618919 0.0621255 0.0563508 0.0367164 0.0367164 0.0367816 0.0418086 0.0447936 0.0424442 0.0213373 0.0564702 0.0625513 0.0702246 0.0617052 0.0564530 0.0638572 0.0696879 0.0552393 0.0574655 0.0551367 0.0552393 0.0548364 0.0548364 0.0602274 0.0549357 0.0482400 0.0482400 0.0536719 0.0608563 0.0561598 0.0509920 0.0529494 0.0509920 0.0529494 0.0447073 0.0447073 0.0392606 0.0417364 0.0986610 0.0955457 0.0909549 0.1451294 0.1347994 0.0847065 0.0846994 0.0909474 0.1087502 0.1346766 0.0911291 0.1280768 0.1026225 0.1101799 0.1094927 0.1510748 0.0820067 0.2033598 0.0875596 0.0847065 0.1651949 0.1081878 0.1000278 0.2198976 0.1115029 0.0848593 0.1004431 0.0963496 0.1218196 0.0906888 0.1441526 0.0904256 0.0905666 0.0907726 0.0999365 0.1309266 
Cacajao_calvus               0.0450158 0.0476338 0.0442974 0.0450158 0.0340269 0.0423830 0.0396902 0.0340269 0.0399040 0.0425730 0.0399040 0.0425730 0.0447745 0.0447807 0.0000000 0.0289792 0.0290822 0.0289792 0.0393715 0.0483680 0.0535243 0.0563106 0.0535243 0.0537252 0.0480982 0.0240346 0.0240346 0.0240765 0.0289792 0.0317662 0.0046449 0.0320005 0.0482133 0.0528104 0.0569423 0.0587207 0.0536210 0.0238485 0.0289205 0.0446526 0.0469050 0.0445702 0.0446526 0.0443301 0.0443301 0.0495909 0.0444093 0.0430244 0.0430244 0.0454793 0.0509335 0.0499663 0.0428475 0.0468019 0.0457466 0.0468019 0.0343571 0.0343571 0.0265037 0.0281445 0.0657667 0.0831413 0.0761805 0.1350567 0.1249455 0.0701766 0.0701706 0.0761741 0.0901934 0.1182080 0.0763199 0.1118389 0.0875272 0.0946996 0.0928718 0.1507807 0.0675307 0.1844122 0.0729493 0.0701766 0.1648868 0.0899556 0.0849645 0.2198897 0.0961475 0.0703017 0.0821188 0.0814815 0.1148764 0.0872333 0.1230729 0.0726622 0.0758602 0.0777036 0.0806861 0.1210262 
Callicebus_coimbrai          0.0420259 0.0446075 0.0466578 0.0420259 0.0187843 0.0244397 0.0217916 0.0187843 0.0318326 0.0344208 0.0318326 0.0344208 0.0418025 0.0418086 0.0289792 0.0000000 0.0000010 0.0000010 0.0237667 0.0319473 0.0369128 0.0395390 0.0369128 0.0370471 0.0317750 0.0092885 0.0092885 0.0093041 0.0092565 0.0117054 0.0264082 0.0241699 0.0342423 0.0395678 0.0434752 0.0411696 0.0369771 0.0339136 0.0391658 0.0188814 0.0211460 0.0188481 0.0188814 0.0187514 0.0187514 0.0235972 0.0187832 0.0292721 0.0292721 0.0316605 0.0374879 0.0368048 0.0291527 0.0338117 0.0318440 0.0338117 0.0189639 0.0189639 0.0116395 0.0123347 0.0590641 0.0647134 0.0583254 0.1140560 0.1045176 0.0526908 0.0526862 0.0583203 0.0778208 0.1038885 0.0584248 0.1038885 0.0691409 0.0757522 0.0726383 0.1352029 0.0501437 0.1783812 0.0553323 0.0526908 0.1555125 0.0719842 0.0666484 0.2008487 0.0773466 0.0527821 0.0669031 0.0634444 0.1006934 0.0724433 0.1052212 0.0579860 0.0580879 0.0581448 0.0647587 0.1066280 
Callicebus_nigrifrons        0.0421788 0.0447703 0.0468355 0.0421788 0.0188492 0.0245375 0.0218790 0.0188492 0.0319473 0.0345453 0.0319473 0.0345453 0.0419539 0.0419600 0.0290822 0.0000010 0.0000000 0.0000010 0.0238499 0.0320629 0.0370466 0.0396829 0.0370466 0.0371818 0.0318893 0.0093202 0.0093202 0.0093359 0.0092873 0.0117457 0.0265015 0.0242559 0.0343656 0.0397325 0.0436609 0.0413256 0.0371114 0.0340346 0.0393070 0.0189470 0.0212191 0.0189135 0.0189470 0.0188160 0.0188160 0.0236792 0.0188481 0.0293772 0.0293772 0.0317740 0.0346503 0.0369582 0.0292570 0.0339519 0.0319588 0.0339519 0.0190300 0.0190300 0.0116793 0.0123794 0.0595319 0.0649599 0.0585432 0.1145117 0.1049300 0.0528856 0.0528810 0.0585382 0.0781183 0.1043056 0.0586435 0.1043056 0.0694016 0.0760432 0.0729369 0.1357614 0.0503290 0.1791671 0.0555374 0.0528856 0.1561678 0.0723021 0.0668999 0.2019862 0.0776405 0.0529776 0.0671567 0.0636816 0.1010962 0.0728734 0.1056595 0.0582015 0.0583040 0.0583819 0.0650162 0.1070562 
Callicebus_personatus        0.0420259 0.0446075 0.0466578 0.0420259 0.0187843 0.0244397 0.0217916 0.0187843 0.0318326 0.0344208 0.0318326 0.0344208 0.0418025 0.0418086 0.0289792 0.0000010 0.0000010 0.0000000 0.0237667 0.0319473 0.0369128 0.0395390 0.0369128 0.0370471 0.0317750 0.0092885 0.0092885 0.0093041 0.0092565 0.0117054 0.0264082 0.0241699 0.0342423 0.0395678 0.0434752 0.0411696 0.0369771 0.0339136 0.0391658 0.0188814 0.0211460 0.0188481 0.0188814 0.0187514 0.0187514 0.0235972 0.0187832 0.0292721 0.0292721 0.0316605 0.0374879 0.0368048 0.0291527 0.0338117 0.0318440 0.0338117 0.0189639 0.0189639 0.0116395 0.0123347 0.0590641 0.0647134 0.0583254 0.1140560 0.1045176 0.0526908 0.0526862 0.0583203 0.0778208 0.1038885 0.0584248 0.1038885 0.0691409 0.0757522 0.0726383 0.1352029 0.0501437 0.1783812 0.0553323 0.0526908 0.1555125 0.0719842 0.0666484 0.2008487 0.0773466 0.0527821 0.0669031 0.0634444 0.1006934 0.0724433 0.1052212 0.0579860 0.0580879 0.0581448 0.0647587 0.1066280 
Callimico_goeldii            0.0529089 0.0555657 0.0581677 0.0529089 0.0237295 0.0302357 0.0247456 0.0237295 0.0424223 0.0451043 0.0424223 0.0451043 0.0526255 0.0526314 0.0393715 0.0237667 0.0238499 0.0237667 0.0000000 0.0241186 0.0289855 0.0315325 0.0289855 0.0290889 0.0239915 0.0189222 0.0189222 0.0189547 0.0237667 0.0264514 0.0366910 0.0344806 0.0240388 0.0277075 0.0251928 0.0328080 0.0290351 0.0444317 0.0498901 0.0390598 0.0413054 0.0364028 0.0390598 0.0387817 0.0387817 0.0439275 0.0388499 0.0191802 0.0191802 0.0215429 0.0254320 0.0249798 0.0191017 0.0220989 0.0216675 0.0220989 0.0289801 0.0289801 0.0213408 0.0200716 0.0774559 0.0739911 0.0672961 0.1247861 0.1149261 0.0614599 0.0614546 0.0672903 0.0873890 0.1144690 0.0674153 0.1144690 0.0784109 0.0853257 0.0828396 0.1467413 0.0588558 0.1915640 0.0641748 0.0614599 0.1676710 0.0796418 0.0758756 0.2137873 0.0868490 0.0615682 0.0761743 0.0725219 0.1111722 0.0828061 0.1096556 0.0669022 0.0670168 0.0679583 0.0744527 0.1172670 
Callithrix_aurita            0.0569765 0.0597136 0.0623386 0.0569765 0.0318948 0.0398235 0.0371043 0.0318948 0.0461738 0.0489441 0.0461738 0.0489441 0.0566646 0.0566701 0.0483680 0.0319473 0.0320629 0.0319473 0.0241186 0.0000000 0.0046617 0.0070210 0.0046617 0.0046775 0.0000021 0.0269027 0.0269027 0.0269505 0.0319473 0.0348181 0.0455446 0.0379720 0.0319578 0.0369573 0.0440632 0.0072685 0.0046694 0.0481870 0.0538276 0.0479813 0.0502570 0.0451825 0.0479813 0.0476289 0.0476289 0.0530047 0.0477156 0.0269691 0.0269691 0.0293727 0.0348115 0.0341743 0.0268579 0.0311763 0.0295444 0.0311763 0.0374680 0.0374680 0.0294221 0.0311584 0.0994549 0.0874443 0.0802777 0.1338953 0.1236820 0.0741258 0.0741194 0.0802709 0.1013155 0.1299674 0.0777423 0.1299674 0.0918662 0.0992458 0.0977277 0.1636916 0.0714298 0.2074223 0.0769575 0.0741258 0.1856305 0.0985427 0.0892606 0.2385989 0.0943970 0.0742601 0.0896282 0.0856753 0.1265146 0.1088162 0.1285152 0.0798021 0.0799341 0.0822319 0.0885522 0.1328599 
Callithrix_geoffroyi         0.0622257 0.0649775 0.0681034 0.0622257 0.0368516 0.0426988 0.0399884 0.0368516 0.0513654 0.0541605 0.0513654 0.0541605 0.0618866 0.0618919 0.0535243 0.0369128 0.0370466 0.0369128 0.0289855 0.0046617 0.0000000 0.0023129 0.0000010 0.0000021 0.0046378 0.0318389 0.0318389 0.0318954 0.0369128 0.0398445 0.0506675 0.0430894 0.0369242 0.0396642 0.0470351 0.0121780 0.0093537 0.0533249 0.0590222 0.0531010 0.0553543 0.0502687 0.0531010 0.0527114 0.0527114 0.0581269 0.0528077 0.0319157 0.0319157 0.0343152 0.0375814 0.0368950 0.0317854 0.0338946 0.0345144 0.0338946 0.0425192 0.0425192 0.0343734 0.0365431 0.1127077 0.0929910 0.0857147 0.1359522 0.1257624 0.0795056 0.0794989 0.0857076 0.1068879 0.1320654 0.0831866 0.1320654 0.0940250 0.1014051 0.0966538 0.1656895 0.0768044 0.2130278 0.0823518 0.0795056 0.1875717 0.1017691 0.0914344 0.2416254 0.0965385 0.0796496 0.0951478 0.0878475 0.1286229 0.1084685 0.1384468 0.0852108 0.0821261 0.0848525 0.0910766 0.1349449 
Callithrix_jacchus           0.0594919 0.0622311 0.0652190 0.0594919 0.0394729 0.0457646 0.0430522 0.0394729 0.0541630 0.0569817 0.0541630 0.0569817 0.0647384 0.0647432 0.0563106 0.0395390 0.0396829 0.0395390 0.0315325 0.0070210 0.0023129 0.0000000 0.0023129 0.0000021 0.0069848 0.0344321 0.0344321 0.0344935 0.0395390 0.0425130 0.0534256 0.0458179 0.0395508 0.0427011 0.0502223 0.0146767 0.0117406 0.0561006 0.0618488 0.0504501 0.0527114 0.0476405 0.0504501 0.0500808 0.0500808 0.0554663 0.0501721 0.0345144 0.0345144 0.0317882 0.0345941 0.0339646 0.0292703 0.0368950 0.0371345 0.0368950 0.0452103 0.0452103 0.0369833 0.0393277 0.1196855 0.0961362 0.0887717 0.1366972 0.1264604 0.0825080 0.0825011 0.0887644 0.1101007 0.1328043 0.0862382 0.1328043 0.0971248 0.1045897 0.1000445 0.1665659 0.0797941 0.2140904 0.0853726 0.0825080 0.1885281 0.1054708 0.0945258 0.2430650 0.0996447 0.0826579 0.0982862 0.0908963 0.1293463 0.1084685 0.1420759 0.0882501 0.0851377 0.0881909 0.0943488 0.1356949 
Callithrix_kuhlii            0.0622257 0.0649775 0.0681034 0.0622257 0.0368516 0.0426988 0.0399884 0.0368516 0.0513654 0.0541605 0.0513654 0.0541605 0.0618866 0.0618919 0.0535243 0.0369128 0.0370466 0.0369128 0.0289855 0.0046617 0.0000010 0.0023129 0.0000000 0.0000021 0.0046378 0.0318389 0.0318389 0.0318954 0.0369128 0.0398445 0.0506675 0.0430894 0.0369242 0.0396642 0.0470351 0.0121780 0.0093537 0.0533249 0.0590222 0.0531010 0.0553543 0.0502687 0.0531010 0.0527114 0.0527114 0.0581269 0.0528077 0.0319157 0.0319157 0.0343152 0.0375814 0.0368950 0.0317854 0.0338946 0.0345144 0.0338946 0.0425192 0.0425192 0.0343734 0.0365431 0.1127077 0.0929910 0.0857147 0.1359522 0.1257624 0.0795056 0.0794989 0.0857076 0.1068879 0.1320654 0.0831866 0.1320654 0.0940250 0.1014051 0.0966538 0.1656895 0.0768044 0.2130278 0.0823518 0.0795056 0.1875717 0.1017691 0.0914344 0.2416254 0.0965385 0.0796496 0.0951478 0.0878475 0.1286229 0.1084685 0.1384468 0.0852108 0.0821261 0.0848525 0.0910766 0.1349449 
Callithrix_penicillata       0.0596067 0.0623514 0.0653507 0.0596067 0.0369853 0.0428782 0.0401563 0.0369853 0.0515600 0.0543664 0.0515600 0.0543664 0.0621212 0.0621255 0.0537252 0.0370471 0.0371818 0.0370471 0.0290889 0.0046775 0.0000021 0.0000021 0.0000021 0.0000000 0.0046538 0.0319542 0.0319542 0.0320112 0.0370471 0.0399911 0.0508567 0.0432507 0.0370585 0.0398299 0.0472390 0.0122221 0.0093861 0.0535241 0.0592451 0.0505456 0.0528100 0.0477294 0.0505456 0.0501742 0.0501742 0.0555705 0.0502657 0.0320315 0.0320315 0.0318459 0.0346680 0.0340360 0.0293233 0.0340360 0.0346402 0.0340360 0.0426762 0.0426762 0.0344982 0.0366844 0.1136710 0.0933593 0.0860490 0.1330462 0.1229010 0.0798132 0.0798065 0.0860418 0.1073120 0.1291310 0.0835116 0.1291310 0.0943921 0.1018069 0.0970656 0.1626376 0.0771016 0.2097158 0.0826709 0.0798132 0.1844346 0.1022379 0.0917918 0.2373140 0.0969156 0.0799583 0.0955230 0.0881882 0.1257009 0.1084685 0.1390398 0.0855415 0.0824435 0.0852145 0.0914538 0.1320066 
Cebuella_pygmaea             0.0566535 0.0593743 0.0622135 0.0566535 0.0317231 0.0397396 0.0370263 0.0317231 0.0459142 0.0486676 0.0459142 0.0486676 0.0563450 0.0563508 0.0480982 0.0317750 0.0318893 0.0317750 0.0239915 0.0000021 0.0046378 0.0069848 0.0046378 0.0046538 0.0000000 0.0267584 0.0267584 0.0268056 0.0317750 0.0346280 0.0452922 0.0377610 0.0317854 0.0367272 0.0439673 0.0072558 0.0046447 0.0479190 0.0535252 0.0477157 0.0499801 0.0449338 0.0477157 0.0473670 0.0473670 0.0527114 0.0474529 0.0268240 0.0268240 0.0292150 0.0345905 0.0339612 0.0267141 0.0309827 0.0293848 0.0309827 0.0372626 0.0372626 0.0292637 0.0310982 0.0994549 0.0869259 0.0798099 0.1330735 0.1229310 0.0736976 0.0736913 0.0798031 0.1007131 0.1291596 0.0772885 0.1291596 0.0913268 0.0986538 0.0970999 0.1626500 0.0710174 0.2096820 0.0765121 0.0736976 0.1844294 0.0983122 0.0887360 0.2427141 0.0938436 0.0738305 0.0890993 0.0851761 0.1257304 0.1084685 0.1315202 0.0793393 0.0794701 0.0817060 0.0880019 0.1320341 
Cebus_albifrons              0.0369067 0.0394644 0.0412709 0.0369067 0.0140210 0.0133994 0.0162536 0.0140210 0.0268073 0.0293629 0.0268073 0.0293629 0.0367105 0.0367164 0.0240346 0.0092885 0.0093202 0.0092885 0.0189222 0.0269027 0.0318389 0.0344321 0.0318389 0.0319542 0.0267584 0.0000000 0.0000010 0.0000010 0.0092885 0.0117463 0.0215043 0.0192437 0.0292110 0.0337314 0.0374680 0.0358445 0.0318941 0.0289309 0.0341085 0.0238417 0.0261059 0.0237991 0.0238417 0.0236756 0.0236756 0.0286031 0.0237163 0.0242778 0.0242778 0.0266623 0.0315445 0.0309742 0.0241782 0.0280240 0.0268172 0.0280240 0.0093736 0.0093736 0.0023008 0.0024371 0.0536480 0.0566808 0.0504774 0.1053616 0.0959776 0.0449479 0.0449439 0.0504729 0.0697016 0.0952009 0.0505615 0.0952009 0.0611685 0.0676016 0.0639305 0.1261064 0.0424185 0.1684398 0.0475587 0.0449479 0.1461269 0.0626419 0.0586817 0.1879231 0.0692771 0.0450256 0.0589029 0.0555674 0.0920537 0.0595237 0.0962353 0.0501817 0.0502729 0.0495782 0.0563775 0.0979243 
Cebus_capucinus              0.0369067 0.0394644 0.0412709 0.0369067 0.0140210 0.0133994 0.0162536 0.0140210 0.0268073 0.0293629 0.0268073 0.0293629 0.0367105 0.0367164 0.0240346 0.0092885 0.0093202 0.0092885 0.0189222 0.0269027 0.0318389 0.0344321 0.0318389 0.0319542 0.0267584 0.0000010 0.0000000 0.0023013 0.0092885 0.0117463 0.0215043 0.0192437 0.0292110 0.0337314 0.0374680 0.0358445 0.0318941 0.0289309 0.0341085 0.0238417 0.0261059 0.0237991 0.0238417 0.0236756 0.0236756 0.0286031 0.0237163 0.0242778 0.0242778 0.0266623 0.0315445 0.0309742 0.0241782 0.0280240 0.0268172 0.0280240 0.0093736 0.0093736 0.0046061 0.0048783 0.0536480 0.0566808 0.0504774 0.1053616 0.0959776 0.0449479 0.0449439 0.0504729 0.0697016 0.0952009 0.0505615 0.0952009 0.0611685 0.0676016 0.0639305 0.1261064 0.0424185 0.1684398 0.0475587 0.0449479 0.1461269 0.0626419 0.0586817 0.1879231 0.0692771 0.0450256 0.0589029 0.0555674 0.0920537 0.0595237 0.0962353 0.0501817 0.0502729 0.0495782 0.0563775 0.0979243 
Cebus_olivaceus              0.0369726 0.0395350 0.0413481 0.0369726 0.0140447 0.0134254 0.0162847 0.0140447 0.0268546 0.0294150 0.0268546 0.0294150 0.0367757 0.0367816 0.0240765 0.0093041 0.0093359 0.0093041 0.0189547 0.0269505 0.0318954 0.0344935 0.0318954 0.0320112 0.0268056 0.0000010 0.0023013 0.0000000 0.0093041 0.0117663 0.0215415 0.0192772 0.0292626 0.0338003 0.0375464 0.0359110 0.0319508 0.0289815 0.0341688 0.0238829 0.0261509 0.0238401 0.0238829 0.0237163 0.0237163 0.0286526 0.0237571 0.0243205 0.0243205 0.0267091 0.0316102 0.0310374 0.0242206 0.0280810 0.0268646 0.0280810 0.0093895 0.0093895 0.0022974 0.0024327 0.0536480 0.0567877 0.0505698 0.1055684 0.0961636 0.0450294 0.0450254 0.0505654 0.0698324 0.0953888 0.0506543 0.0953888 0.0612817 0.0677290 0.0640596 0.1263627 0.0424953 0.1688052 0.0476452 0.0450294 0.1464299 0.0627776 0.0587904 0.1884468 0.0694063 0.0451074 0.0590124 0.0556693 0.0922346 0.0596956 0.0964324 0.0502731 0.0503646 0.0496767 0.0564879 0.0981176 
Cheracebus_lugens            0.0420259 0.0446075 0.0466578 0.0420259 0.0187843 0.0244397 0.0217916 0.0187843 0.0318326 0.0344208 0.0318326 0.0344208 0.0418025 0.0418086 0.0289792 0.0092565 0.0092873 0.0092565 0.0237667 0.0319473 0.0369128 0.0395390 0.0369128 0.0370471 0.0317750 0.0092885 0.0092885 0.0093041 0.0000000 0.0069657 0.0264082 0.0241699 0.0342423 0.0395678 0.0434752 0.0411696 0.0369771 0.0339136 0.0391658 0.0237576 0.0260143 0.0237152 0.0237576 0.0235927 0.0235927 0.0285022 0.0236331 0.0292721 0.0292721 0.0316605 0.0374879 0.0368048 0.0291527 0.0338117 0.0318440 0.0338117 0.0189639 0.0189639 0.0116395 0.0123347 0.0419965 0.0591330 0.0528929 0.1078881 0.0984853 0.0473490 0.0473448 0.0528883 0.0721390 0.0977541 0.0529815 0.0977541 0.0635881 0.0700552 0.0665625 0.1286913 0.0448224 0.1711510 0.0499608 0.0473490 0.1487407 0.0654688 0.0611074 0.1913852 0.0717009 0.0474306 0.0613380 0.0579756 0.0946018 0.0637163 0.0988493 0.0525847 0.0526790 0.0522164 0.0589363 0.1004743 
Cheracebus_torquatus         0.0450288 0.0476471 0.0498628 0.0450288 0.0213796 0.0275210 0.0248478 0.0213796 0.0346910 0.0373211 0.0346910 0.0373211 0.0447875 0.0447936 0.0317662 0.0117054 0.0117457 0.0117054 0.0264514 0.0348181 0.0398445 0.0425130 0.0398445 0.0399911 0.0346280 0.0117463 0.0117463 0.0117663 0.0069657 0.0000000 0.0291494 0.0269037 0.0371256 0.0429751 0.0470240 0.0442886 0.0399147 0.0367660 0.0421073 0.0264413 0.0287112 0.0263927 0.0264413 0.0262557 0.0262557 0.0312392 0.0263003 0.0320900 0.0320900 0.0345020 0.0409374 0.0401804 0.0319583 0.0371319 0.0347033 0.0371319 0.0215857 0.0215857 0.0141306 0.0149848 0.0534358 0.0681184 0.0615923 0.1181772 0.1084858 0.0558617 0.0558568 0.0615870 0.0813820 0.1079204 0.0616992 0.1079204 0.0725597 0.0793087 0.0764124 0.1396896 0.0532834 0.1836276 0.0585405 0.0558617 0.1603012 0.0760322 0.0700419 0.2078912 0.0808817 0.0559595 0.0703136 0.0667707 0.1046761 0.0733096 0.1094198 0.0612317 0.0613388 0.0617151 0.0683144 0.1106910 
Chiropotes_chiropotes        0.0480109 0.0506616 0.0474121 0.0480109 0.0314100 0.0392881 0.0366028 0.0314100 0.0375458 0.0402136 0.0375458 0.0402136 0.0424380 0.0424442 0.0046449 0.0264082 0.0265015 0.0264082 0.0366910 0.0455446 0.0506675 0.0534256 0.0506675 0.0508567 0.0452922 0.0215043 0.0215043 0.0215415 0.0264082 0.0291494 0.0000000 0.0296463 0.0454013 0.0526985 0.0535625 0.0556977 0.0507584 0.0213380 0.0263547 0.0419195 0.0441720 0.0418425 0.0419195 0.0416184 0.0416184 0.0468304 0.0416924 0.0402508 0.0402508 0.0426951 0.0508232 0.0498602 0.0400854 0.0467031 0.0429456 0.0467031 0.0317140 0.0317140 0.0239528 0.0254266 0.0652633 0.0799634 0.0731035 0.1314106 0.1214049 0.0671650 0.0671592 0.0730973 0.0870004 0.1146687 0.0732356 0.1083597 0.0843554 0.0914287 0.0893717 0.1469401 0.0645366 0.1801488 0.0699143 0.0671650 0.1609079 0.0862349 0.0818055 0.2140570 0.0929006 0.0672841 0.0789816 0.0783719 0.1113692 0.0825323 0.1193696 0.0696400 0.0727979 0.0743244 0.0773989 0.1174685 
Lagothrix_lagotricha         0.0214452 0.0238877 0.0249475 0.0214452 0.0291909 0.0367702 0.0340553 0.0291909 0.0117986 0.0142149 0.0117986 0.0142149 0.0213705 0.0213373 0.0320005 0.0241699 0.0242559 0.0241699 0.0344806 0.0379720 0.0430894 0.0458179 0.0430894 0.0432507 0.0377610 0.0192437 0.0192437 0.0192772 0.0241699 0.0269037 0.0296463 0.0000000 0.0431863 0.0501860 0.0510126 0.0477668 0.0431667 0.0451933 0.0507476 0.0370097 0.0392875 0.0369413 0.0370097 0.0367435 0.0367435 0.0419270 0.0368087 0.0351760 0.0351760 0.0404704 0.0482414 0.0439390 0.0378476 0.0408121 0.0378476 0.0408121 0.0294762 0.0294762 0.0217031 0.0230480 0.0804273 0.0751640 0.0710124 0.1231599 0.1132443 0.0650521 0.0650465 0.0710063 0.0914906 0.1061648 0.0711411 0.1061648 0.0823268 0.0894156 0.0871930 0.1349376 0.0624064 0.1822530 0.0678162 0.0650521 0.1555505 0.0876300 0.0797571 0.2116054 0.0909185 0.0651684 0.0800781 0.0763178 0.1029012 0.0772109 0.1211398 0.0705930 0.0707134 0.0720423 0.0785289 0.1089566 
Leontocebus_fuscicollis      0.0623548 0.0651106 0.0682470 0.0623548 0.0341861 0.0426094 0.0399042 0.0341861 0.0514774 0.0542774 0.0514774 0.0542774 0.0564644 0.0564702 0.0482133 0.0342423 0.0343656 0.0342423 0.0240388 0.0319578 0.0369242 0.0395508 0.0369242 0.0370585 0.0317854 0.0292110 0.0292110 0.0292626 0.0342423 0.0371256 0.0454013 0.0431863 0.0000000 0.0000010 0.0379202 0.0411821 0.0369885 0.0558979 0.0616237 0.0477460 0.0500109 0.0449629 0.0477460 0.0473969 0.0473969 0.0527431 0.0474829 0.0093102 0.0093102 0.0116194 0.0136462 0.0134136 0.0092725 0.0106807 0.0116856 0.0106807 0.0370531 0.0370531 0.0317239 0.0337139 0.0990369 0.0896838 0.0825130 0.1359336 0.1257545 0.0763719 0.0763654 0.0825061 0.1034855 0.1264474 0.0826679 0.1198891 0.0940584 0.1014363 0.1000911 0.1528690 0.0736889 0.1988376 0.0791938 0.0763719 0.1742771 0.1015369 0.0914686 0.2282974 0.0991124 0.0765095 0.0918442 0.0878823 0.1165134 0.0923764 0.1345462 0.0820284 0.0821618 0.0846728 0.0908895 0.1227402 
Leontocebus_weddelli         0.0726901 0.0759274 0.0802125 0.0726901 0.0365719 0.0419230 0.0390684 0.0365719 0.0599346 0.0632358 0.0599346 0.0632358 0.0625453 0.0625513 0.0528104 0.0395678 0.0397325 0.0395678 0.0277075 0.0369573 0.0396642 0.0427011 0.0396642 0.0398299 0.0367272 0.0337314 0.0337314 0.0338003 0.0395678 0.0429751 0.0526985 0.0501860 0.0000010 0.0000000 0.0393479 0.0479730 0.0427928 0.0649539 0.0717146 0.0553959 0.0579764 0.0521174 0.0553959 0.0549276 0.0549276 0.0611835 0.0550430 0.0106807 0.0106807 0.0133267 0.0136462 0.0134136 0.0106312 0.0106807 0.0134136 0.0106807 0.0428793 0.0428793 0.0366461 0.0391535 0.1069453 0.1017827 0.0931679 0.1567077 0.1444877 0.0859043 0.0858960 0.0931591 0.1179645 0.1457882 0.0933761 0.1379437 0.1033198 0.1121117 0.1000974 0.1691959 0.0860839 0.2340485 0.0892142 0.0859043 0.1992071 0.1043132 0.1037333 0.2314470 0.1055231 0.0860839 0.0996832 0.0960541 0.1376306 0.0926262 0.1562308 0.0925412 0.0927067 0.0859043 0.0963623 0.1413021 
Leontopithecus_chrysomelas   0.0606822 0.0639004 0.0708808 0.0606822 0.0433893 0.0465155 0.0433893 0.0433893 0.0609505 0.0643181 0.0609505 0.0643181 0.0671642 0.0702246 0.0569423 0.0434752 0.0436609 0.0434752 0.0251928 0.0440632 0.0470351 0.0502223 0.0470351 0.0472390 0.0439673 0.0374680 0.0374680 0.0375464 0.0434752 0.0470240 0.0535625 0.0510126 0.0379202 0.0393479 0.0000000 0.0535560 0.0503342 0.0697201 0.0767211 0.0628485 0.0654552 0.0594291 0.0628485 0.0623036 0.0623036 0.0687876 0.0624382 0.0319875 0.0319875 0.0348268 0.0371135 0.0363894 0.0318328 0.0331884 0.0289991 0.0331884 0.0502198 0.0502198 0.0404681 0.0404681 0.1099570 0.1053388 0.0963659 0.1688863 0.1560750 0.0888305 0.0888218 0.0963566 0.1220699 0.1563491 0.0965896 0.1443820 0.1026782 0.1116776 0.1031132 0.1755108 0.0855980 0.2338422 0.0922563 0.0888305 0.2123994 0.1003087 0.1030997 0.2424885 0.1094254 0.0890221 0.1031065 0.0952425 0.1440552 0.1026971 0.1187499 0.0956999 0.0918162 0.0888305 0.0996691 0.1478312 
Mico_argentatus              0.0679283 0.0708262 0.0712793 0.0679283 0.0357080 0.0489604 0.0401434 0.0410977 0.0564987 0.0594504 0.0564987 0.0594504 0.0616999 0.0617052 0.0587207 0.0411696 0.0413256 0.0411696 0.0328080 0.0072685 0.0121780 0.0146767 0.0121780 0.0122221 0.0072558 0.0358445 0.0358445 0.0359110 0.0411696 0.0442886 0.0556977 0.0477668 0.0411821 0.0479730 0.0535560 0.0000000 0.0024018 0.0584930 0.0645146 0.0582413 0.0605724 0.0552434 0.0582413 0.0577937 0.0577937 0.0634986 0.0579042 0.0359331 0.0359331 0.0384359 0.0459460 0.0450545 0.0357810 0.0418404 0.0386677 0.0418404 0.0471075 0.0471075 0.0385046 0.0393957 0.1226657 0.1005529 0.0927701 0.1500159 0.1390676 0.0861863 0.0861789 0.0927622 0.1151796 0.1460653 0.0901286 0.1460653 0.0986972 0.1065298 0.1125635 0.1821070 0.0833489 0.2335337 0.0891881 0.0861863 0.2056393 0.1094950 0.1023307 0.2598090 0.1013269 0.0863497 0.1027789 0.0921788 0.1392999 0.1191763 0.1327622 0.0922041 0.0923538 0.0961220 0.1023731 0.1491203 
Mico_humeralifer             0.0623400 0.0650971 0.0682349 0.0623400 0.0317779 0.0458632 0.0371009 0.0369157 0.0514588 0.0542594 0.0514588 0.0542594 0.0564472 0.0564530 0.0536210 0.0369771 0.0371114 0.0369771 0.0290351 0.0046694 0.0093537 0.0117406 0.0093537 0.0093861 0.0046447 0.0318941 0.0318941 0.0319508 0.0369771 0.0399147 0.0507584 0.0431667 0.0369885 0.0427928 0.0503342 0.0024018 0.0000000 0.0534208 0.0591295 0.0531964 0.0554530 0.0503583 0.0531964 0.0528052 0.0528052 0.0582311 0.0529019 0.0319711 0.0319711 0.0343747 0.0407598 0.0400092 0.0318403 0.0369738 0.0345746 0.0369738 0.0425944 0.0425944 0.0344331 0.0366106 0.1057983 0.0931714 0.0858778 0.1399719 0.1296602 0.0796552 0.0796485 0.0858706 0.1070964 0.1361018 0.0833450 0.1361018 0.0915194 0.0988655 0.1039628 0.1700810 0.0769489 0.2180319 0.0825072 0.0796552 0.1921973 0.1057251 0.0949374 0.2539148 0.0940413 0.0797998 0.0953315 0.0853543 0.1297031 0.1139532 0.1387417 0.0853720 0.0855094 0.0883867 0.0945525 0.1390041 
Pithecia_irrorata            0.0641983 0.0669296 0.0642836 0.0641983 0.0390090 0.0482059 0.0455234 0.0390090 0.0534195 0.0561976 0.0534195 0.0561976 0.0638524 0.0638572 0.0238485 0.0339136 0.0340346 0.0339136 0.0444317 0.0481870 0.0533249 0.0561006 0.0533249 0.0535241 0.0479190 0.0289309 0.0289309 0.0289815 0.0339136 0.0367660 0.0213380 0.0451933 0.0558979 0.0649539 0.0697201 0.0584930 0.0534208 0.0000000 0.0093411 0.0497703 0.0520049 0.0496785 0.0497703 0.0494100 0.0494100 0.0547210 0.0494987 0.0506779 0.0506779 0.0531268 0.0633227 0.0621061 0.0504723 0.0588642 0.0534362 0.0588642 0.0393864 0.0393864 0.0314196 0.0333709 0.0655068 0.0887733 0.0816851 0.1411249 0.1309070 0.0756093 0.0756029 0.0816783 0.0991191 0.1307198 0.0791901 0.1242125 0.0931160 0.1004096 0.0990016 0.1639681 0.0729518 0.1986600 0.0784031 0.0756093 0.1855977 0.0965028 0.0905492 0.2437336 0.1018061 0.0757442 0.0876864 0.0870046 0.1273154 0.1057803 0.1293200 0.0780953 0.0813408 0.0837441 0.0865344 0.1335702 
Pithecia_pithecia            0.0700628 0.0728342 0.0704024 0.0700628 0.0443468 0.0545273 0.0518364 0.0443468 0.0591264 0.0619566 0.0591264 0.0619566 0.0696839 0.0696879 0.0289205 0.0391658 0.0393070 0.0391658 0.0498901 0.0538276 0.0590222 0.0618488 0.0590222 0.0592451 0.0535252 0.0341085 0.0341085 0.0341688 0.0391658 0.0421073 0.0263547 0.0507476 0.0616237 0.0717146 0.0767211 0.0645146 0.0591295 0.0093411 0.0000000 0.0553264 0.0575555 0.0552235 0.0553264 0.0549221 0.0549221 0.0603221 0.0550219 0.0563353 0.0563353 0.0588013 0.0702107 0.0688431 0.0561070 0.0655337 0.0591440 0.0655337 0.0447771 0.0447771 0.0366350 0.0389343 0.0712918 0.0951422 0.0878694 0.1416353 0.1378869 0.0816755 0.0816687 0.0878621 0.1055693 0.1378154 0.0853597 0.1312064 0.0994609 0.1033961 0.1060038 0.1715574 0.0789888 0.2069553 0.0845098 0.0816755 0.1935182 0.1039726 0.0968758 0.2550378 0.1082805 0.0818223 0.0939776 0.0932399 0.1343588 0.1160998 0.1366241 0.0841771 0.0874948 0.0905504 0.0931395 0.1406946 
Plecturocebus_bernhardi      0.0501492 0.0527879 0.0552493 0.0501492 0.0337573 0.0420010 0.0393289 0.0337573 0.0449993 0.0476975 0.0449993 0.0476975 0.0552336 0.0552393 0.0446526 0.0188814 0.0189470 0.0188814 0.0390598 0.0479813 0.0531010 0.0504501 0.0531010 0.0505456 0.0477157 0.0238417 0.0238417 0.0238829 0.0237576 0.0264413 0.0419195 0.0370097 0.0477460 0.0553959 0.0628485 0.0582413 0.0531964 0.0497703 0.0553264 0.0000000 0.0022970 0.0000027 0.0000010 0.0000021 0.0000021 0.0046136 0.0000027 0.0451085 0.0451085 0.0422540 0.0502146 0.0492728 0.0396689 0.0523149 0.0478164 0.0523149 0.0340826 0.0340826 0.0262917 0.0279066 0.0844357 0.0794972 0.0726775 0.1280969 0.1181634 0.0667703 0.0667646 0.0726713 0.0929558 0.1170732 0.0728082 0.1170732 0.0868718 0.0939918 0.0857272 0.1493660 0.0641549 0.1854744 0.0695058 0.0667703 0.1633546 0.0893788 0.0843235 0.2100457 0.0954393 0.0668883 0.0816597 0.0808661 0.1137717 0.0815802 0.1223916 0.0722539 0.0752811 0.0738509 0.0768936 0.1198688 
