102
Alouatta_belzebul            0.0000000 0.0028245 0.0053071 0.0013142 0.0013142 0.0026352 0.0026368 0.0249921 0.0235426 0.0249921 0.0279086 0.0206040 0.0206040 0.0247182 0.0221038 0.0235036 0.0226294 0.0236898 0.0310574 0.0315957 0.0456278 0.0481695 0.0374445 0.0422588 0.0453187 0.0280856 0.0278893 0.0270708 0.0278893 0.0403771 0.0264809 0.0278717 0.0401104 0.0416923 0.0423077 0.0309231 0.0220497 0.0311551 0.0340752 0.0340752 0.0309325 0.0309325 0.0263244 0.0362353 0.0379792 0.0377798 0.0378446 0.0344443 0.0361688 0.0343245 0.0329211 0.0360405 0.0364654 0.0207634 0.0253287 0.0253509 0.0256252 0.0253509 0.0272775 0.0311674 0.0342040 0.0325295 0.0318838 0.0325060 0.0884760 0.0527394 0.0578021 0.3051580 0.3544192 0.0596059 0.0560443 0.0560443 0.0600272 0.1526219 0.0544596 0.1908539 0.0544824 0.0561284 0.0504333 0.1658705 0.0632762 0.2593440 0.0561547 0.0578745 0.1783918 0.0612829 0.0507462 0.3021726 0.0545137 0.0612880 0.0598045 0.0602582 0.0595189 0.1637540 0.0646111 0.0629481 0.0613422 0.0521821 0.3986107 0.0597246 0.0615119 0.2353754 
Alouatta_caraya              0.0028245 0.0000000 0.0056874 0.0014075 0.0014075 0.0028226 0.0028245 0.0268289 0.0252499 0.0268289 0.0315547 0.0221361 0.0221361 0.0248452 0.0237578 0.0252636 0.0240641 0.0251683 0.0317253 0.0302838 0.0425036 0.0451892 0.0352420 0.0403398 0.0428248 0.0317724 0.0299472 0.0302043 0.0299472 0.0434622 0.0252681 0.0267517 0.0368273 0.0384672 0.0403205 0.0299971 0.0236951 0.0351129 0.0366376 0.0366376 0.0332346 0.0332346 0.0257075 0.0353838 0.0346709 0.0344824 0.0345440 0.0310542 0.0328206 0.0319400 0.0294781 0.0327003 0.0343767 0.0238378 0.0288118 0.0288390 0.0288118 0.0288390 0.0304089 0.0318457 0.0351010 0.0333018 0.0320170 0.0316812 0.0905528 0.0506516 0.0559475 0.3091929 0.3624143 0.0578320 0.0541098 0.0541098 0.0582591 0.1573568 0.0524483 0.1894998 0.0545672 0.0563119 0.0502795 0.1623628 0.0616694 0.2558253 0.0542211 0.0560202 0.1755528 0.0595898 0.0506106 0.2906905 0.0545017 0.0595943 0.0580341 0.0606836 0.0577432 0.1599253 0.0630786 0.0613345 0.0596481 0.0520374 0.4090013 0.0579530 0.0598219 0.2303651 
Alouatta_guariba             0.0053071 0.0056874 0.0000000 0.0039677 0.0039677 0.0053039 0.0053071 0.0309498 0.0294665 0.0309498 0.0339330 0.0235036 0.0235036 0.0280120 0.0250303 0.0235036 0.0256278 0.0266507 0.0341060 0.0347016 0.0500544 0.0526720 0.0405983 0.0454822 0.0503843 0.0341546 0.0339088 0.0332126 0.0339088 0.0467728 0.0294615 0.0278717 0.0435110 0.0451060 0.0457782 0.0309231 0.0249681 0.0373150 0.0402883 0.0402883 0.0370423 0.0370423 0.0294518 0.0395345 0.0413101 0.0410913 0.0411623 0.0377029 0.0394606 0.0374364 0.0361670 0.0393185 0.0397853 0.0266503 0.0313761 0.0314041 0.0317480 0.0314041 0.0334742 0.0342287 0.0373031 0.0355936 0.0350189 0.0355668 0.0965785 0.0595950 0.0647844 0.3151183 0.3652912 0.0666484 0.0629758 0.0629758 0.0671357 0.1574948 0.0613631 0.1950381 0.0613920 0.0630751 0.0571437 0.1709161 0.0704393 0.2654292 0.0631037 0.0648701 0.1885407 0.0683605 0.0575059 0.3086784 0.0614267 0.0683688 0.0668746 0.0671915 0.0665500 0.1637540 0.0717604 0.0700645 0.0684374 0.0589488 0.4184594 0.0667826 0.0686274 0.2400356 
Alouatta_palliata            0.0013142 0.0014075 0.0039677 0.0000000 0.0000010 0.0013135 0.0013142 0.0264671 0.0250092 0.0264671 0.0294001 0.0191681 0.0191681 0.0230890 0.0206547 0.0220491 0.0211449 0.0222236 0.0295479 0.0300580 0.0434439 0.0459484 0.0358832 0.0406631 0.0428248 0.0295880 0.0293796 0.0285911 0.0293796 0.0419603 0.0250050 0.0263919 0.0384280 0.0400033 0.0405911 0.0294207 0.0206045 0.0326800 0.0356133 0.0356133 0.0324452 0.0324452 0.0247765 0.0346025 0.0363310 0.0361411 0.0362028 0.0328317 0.0345398 0.0327839 0.0313148 0.0344182 0.0348226 0.0222207 0.0268256 0.0268492 0.0271405 0.0268492 0.0288111 0.0296517 0.0326696 0.0310124 0.0303318 0.0309905 0.0884760 0.0544368 0.0595303 0.3051580 0.3544192 0.0613490 0.0577599 0.0577599 0.0617863 0.1550513 0.0561682 0.1908539 0.0561924 0.0578477 0.0520944 0.1683864 0.0650490 0.2623809 0.0578745 0.0596059 0.1809101 0.0630348 0.0524197 0.3054203 0.0562246 0.0630406 0.0615543 0.0619749 0.0612591 0.1661906 0.0663808 0.0647095 0.0630982 0.0538571 0.3986107 0.0614715 0.0632729 0.2353754 
Alouatta_pigra               0.0013142 0.0014075 0.0039677 0.0000010 0.0000000 0.0013135 0.0013142 0.0264671 0.0250092 0.0264671 0.0294001 0.0191681 0.0191681 0.0230890 0.0206547 0.0220491 0.0211449 0.0222236 0.0295479 0.0300580 0.0434439 0.0459484 0.0358832 0.0406631 0.0428248 0.0295880 0.0293796 0.0285911 0.0293796 0.0419603 0.0250050 0.0263919 0.0384280 0.0400033 0.0405911 0.0294207 0.0206045 0.0326800 0.0356133 0.0356133 0.0324452 0.0324452 0.0247765 0.0346025 0.0363310 0.0361411 0.0362028 0.0328317 0.0345398 0.0327839 0.0313148 0.0344182 0.0348226 0.0222207 0.0268256 0.0268492 0.0271405 0.0268492 0.0288111 0.0296517 0.0326696 0.0310124 0.0303318 0.0309905 0.0884760 0.0544368 0.0595303 0.3051580 0.3544192 0.0613490 0.0577599 0.0577599 0.0617863 0.1550513 0.0561682 0.1908539 0.0561924 0.0578477 0.0520944 0.1683864 0.0650490 0.2623809 0.0578745 0.0596059 0.1809101 0.0630348 0.0524197 0.3054203 0.0562246 0.0630406 0.0615543 0.0619749 0.0612591 0.1661906 0.0663808 0.0647095 0.0630982 0.0538571 0.3986107 0.0614715 0.0632729 0.2353754 
Alouatta_sara                0.0026352 0.0028226 0.0053039 0.0013135 0.0013135 0.0000000 0.0026352 0.0279323 0.0264671 0.0279323 0.0308796 0.0177558 0.0177558 0.0214912 0.0192307 0.0206209 0.0196866 0.0207841 0.0310355 0.0315729 0.0413303 0.0438021 0.0343625 0.0391133 0.0404132 0.0281097 0.0279130 0.0270943 0.0279130 0.0404135 0.0264626 0.0278525 0.0400785 0.0416590 0.0422734 0.0309013 0.0220349 0.0311822 0.0341051 0.0341051 0.0309592 0.0309592 0.0263054 0.0362073 0.0347265 0.0345456 0.0346045 0.0312586 0.0329525 0.0312808 0.0297465 0.0328372 0.0332221 0.0207806 0.0253503 0.0253725 0.0256473 0.0253725 0.0273014 0.0311452 0.0341794 0.0325064 0.0318606 0.0324829 0.0910349 0.0560990 0.0612192 0.3080904 0.3575961 0.0630508 0.0594380 0.0594380 0.0635035 0.1528168 0.0578408 0.1870901 0.0545354 0.0561833 0.0537236 0.1660861 0.0667768 0.2596927 0.0595567 0.0612979 0.1832331 0.0647437 0.0540606 0.3025729 0.0545668 0.0647502 0.0615543 0.0636501 0.0629583 0.1639607 0.0681041 0.0664263 0.0648112 0.0554986 0.4043672 0.0631769 0.0649907 0.2312436 
Alouatta_seniculus           0.0026368 0.0028245 0.0053071 0.0013142 0.0013142 0.0026352 0.0000000 0.0279517 0.0264854 0.0279517 0.0309013 0.0206040 0.0206040 0.0214715 0.0221038 0.0235036 0.0226294 0.0207669 0.0310574 0.0315957 0.0412794 0.0437472 0.0343321 0.0390780 0.0428248 0.0280856 0.0308796 0.0301215 0.0308796 0.0435540 0.0264809 0.0278717 0.0367576 0.0383262 0.0388867 0.0279279 0.0191686 0.0342149 0.0371615 0.0371615 0.0339677 0.0339677 0.0263244 0.0362353 0.0346942 0.0345136 0.0345723 0.0312301 0.0329221 0.0312535 0.0297195 0.0328070 0.0331912 0.0236876 0.0283324 0.0283574 0.0286661 0.0283574 0.0303550 0.0311674 0.0342040 0.0325295 0.0318838 0.0325060 0.0858252 0.0527394 0.0578021 0.3051580 0.3580334 0.0596059 0.0560443 0.0560443 0.0600272 0.1574948 0.0544596 0.1950381 0.0544824 0.0561284 0.0504333 0.1683864 0.0632762 0.2593440 0.0561547 0.0578745 0.1834411 0.0612829 0.0507462 0.3086784 0.0545137 0.0612880 0.0598045 0.0602582 0.0595189 0.1637540 0.0646111 0.0629481 0.0613422 0.0521821 0.4051971 0.0597246 0.0615119 0.2307457 
Aotus_azarae                 0.0249921 0.0268289 0.0309498 0.0264671 0.0264671 0.0279323 0.0279517 0.0000000 0.0039659 0.0000010 0.0052942 0.0265294 0.0265294 0.0280688 0.0280895 0.0295162 0.0272545 0.0282609 0.0278766 0.0268649 0.0388288 0.0412356 0.0325844 0.0372607 0.0355358 0.0249990 0.0204893 0.0209763 0.0204893 0.0324618 0.0219510 0.0233212 0.0332519 0.0347967 0.0352968 0.0248214 0.0280185 0.0264776 0.0293387 0.0293387 0.0234092 0.0234092 0.0185879 0.0295783 0.0312702 0.0311099 0.0311627 0.0278993 0.0295481 0.0295485 0.0264105 0.0294471 0.0297874 0.0163529 0.0179120 0.0207905 0.0166794 0.0207905 0.0182193 0.0264875 0.0294475 0.0278364 0.0255957 0.0278178 0.0800555 0.0506108 0.0555860 0.3008183 0.3489947 0.0573550 0.0538609 0.0538609 0.0612181 0.1554525 0.0522993 0.1897575 0.0523203 0.0539388 0.0516440 0.1640644 0.0609528 0.2533222 0.0539642 0.0556542 0.1715196 0.0590056 0.0519635 0.3035871 0.0523494 0.0590092 0.0575432 0.0552714 0.0572721 0.1713004 0.0622789 0.0606423 0.0590587 0.0500837 0.3950012 0.0574677 0.0592197 0.2526785 
Aotus_griseimembra           0.0235426 0.0252499 0.0294665 0.0250092 0.0250092 0.0264671 0.0264854 0.0039659 0.0000000 0.0039659 0.0066428 0.0250676 0.0250676 0.0264131 0.0266151 0.0280375 0.0272545 0.0282609 0.0264151 0.0268649 0.0388288 0.0412356 0.0310868 0.0357343 0.0331397 0.0235494 0.0219074 0.0209763 0.0219074 0.0339557 0.0205266 0.0218937 0.0316279 0.0331661 0.0336414 0.0233828 0.0265483 0.0250194 0.0278700 0.0278700 0.0248456 0.0248456 0.0171005 0.0280227 0.0296778 0.0295264 0.0295764 0.0263405 0.0279740 0.0280683 0.0248578 0.0278790 0.0282001 0.0149515 0.0164909 0.0193538 0.0166794 0.0193538 0.0182193 0.0250287 0.0279730 0.0263769 0.0255957 0.0263597 0.0775018 0.0473464 0.0522661 0.2979396 0.3458760 0.0540077 0.0505628 0.0505628 0.0577996 0.1508312 0.0490133 0.1856318 0.0490319 0.0506351 0.0484050 0.1593284 0.0575524 0.2477013 0.0506591 0.0523271 0.1668309 0.0556433 0.0487018 0.2975613 0.0490601 0.0556452 0.0541839 0.0519721 0.0539307 0.1666328 0.0588850 0.0572628 0.0556890 0.0468586 0.3886052 0.0541138 0.0558414 0.2479554 
Aotus_nancymaae              0.0249921 0.0268289 0.0309498 0.0264671 0.0264671 0.0279323 0.0279517 0.0000010 0.0039659 0.0000000 0.0052942 0.0265294 0.0265294 0.0280688 0.0280895 0.0295162 0.0272545 0.0282609 0.0278766 0.0268649 0.0388288 0.0412356 0.0325844 0.0372607 0.0355358 0.0249990 0.0204893 0.0209763 0.0204893 0.0324618 0.0219510 0.0233212 0.0332519 0.0347967 0.0352968 0.0248214 0.0280185 0.0264776 0.0293387 0.0293387 0.0234092 0.0234092 0.0185879 0.0295783 0.0312702 0.0311099 0.0311627 0.0278993 0.0295481 0.0295485 0.0264105 0.0294471 0.0297874 0.0163529 0.0179120 0.0207905 0.0166794 0.0207905 0.0182193 0.0264875 0.0294475 0.0278364 0.0255957 0.0278178 0.0800555 0.0506108 0.0555860 0.3008183 0.3489947 0.0573550 0.0538609 0.0538609 0.0612181 0.1554525 0.0522993 0.1897575 0.0523203 0.0539388 0.0516440 0.1640644 0.0609528 0.2533222 0.0539642 0.0556542 0.1715196 0.0590056 0.0519635 0.3035871 0.0523494 0.0590092 0.0575432 0.0552714 0.0572721 0.1713004 0.0622789 0.0606423 0.0590587 0.0500837 0.3950012 0.0574677 0.0592197 0.2526785 
Aotus_trivirgatus            0.0279086 0.0315547 0.0339330 0.0294001 0.0294001 0.0308796 0.0309013 0.0052942 0.0066428 0.0052942 0.0000000 0.0294703 0.0294703 0.0330274 0.0310558 0.0324908 0.0318044 0.0327497 0.0308164 0.0313458 0.0451121 0.0476151 0.0355961 0.0388859 0.0427142 0.0279154 0.0262092 0.0253641 0.0262092 0.0384909 0.0248172 0.0261929 0.0364775 0.0364104 0.0369359 0.0277153 0.0309762 0.0294110 0.0322927 0.0322927 0.0292038 0.0292038 0.0230578 0.0327083 0.0360243 0.0358378 0.0358981 0.0325612 0.0342520 0.0325257 0.0310580 0.0341326 0.0345300 0.0191738 0.0207727 0.0236820 0.0210119 0.0236820 0.0225992 0.0294223 0.0324133 0.0307720 0.0300915 0.0307506 0.0825311 0.0523614 0.0573762 0.3065563 0.3511562 0.0591614 0.0556352 0.0556352 0.0630700 0.1554525 0.0540650 0.1935584 0.0555921 0.0572260 0.0548672 0.1640644 0.0627940 0.2533222 0.0557440 0.0574472 0.1715196 0.0608223 0.0552092 0.3035871 0.0556238 0.0608271 0.0593570 0.0585511 0.0590761 0.1713004 0.0641182 0.0624712 0.0608796 0.0532946 0.4118444 0.0592785 0.0610475 0.2569369 
Ateles_belzebuth             0.0206040 0.0221361 0.0235036 0.0191681 0.0191681 0.0177558 0.0206040 0.0265294 0.0250676 0.0265294 0.0294703 0.0000000 0.0000010 0.0014649 0.0013171 0.0026367 0.0040863 0.0053713 0.0296188 0.0301315 0.0392299 0.0416693 0.0344727 0.0392421 0.0406683 0.0282425 0.0265111 0.0256617 0.0265111 0.0389659 0.0250633 0.0264538 0.0402194 0.0418063 0.0424254 0.0265069 0.0149487 0.0267445 0.0296377 0.0296377 0.0295460 0.0295460 0.0248372 0.0346930 0.0332104 0.0346619 0.0347213 0.0281762 0.0330626 0.0313795 0.0282522 0.0297414 0.0333341 0.0193884 0.0239345 0.0239555 0.0242149 0.0239555 0.0258571 0.0267131 0.0266946 0.0310872 0.0304066 0.0310652 0.0941397 0.0544908 0.0595912 0.3137057 0.3640803 0.0614126 0.0578183 0.0578183 0.0654104 0.1557173 0.0562246 0.1826252 0.0529295 0.0511790 0.0555042 0.1644934 0.0651183 0.2557381 0.0579332 0.0596670 0.1766699 0.0613464 0.0558548 0.3138356 0.0529601 0.0631066 0.0599159 0.0587158 0.0613225 0.1693756 0.0664515 0.0647779 0.0631644 0.0539098 0.4118730 0.0615354 0.0633395 0.2447767 
Ateles_chamek                0.0206040 0.0221361 0.0235036 0.0191681 0.0191681 0.0177558 0.0206040 0.0265294 0.0250676 0.0265294 0.0294703 0.0000010 0.0000000 0.0014649 0.0013171 0.0026367 0.0040863 0.0053713 0.0296188 0.0301315 0.0392299 0.0416693 0.0344727 0.0392421 0.0406683 0.0282425 0.0265111 0.0256617 0.0265111 0.0389659 0.0250633 0.0264538 0.0402194 0.0418063 0.0424254 0.0265069 0.0149487 0.0267445 0.0296377 0.0296377 0.0295460 0.0295460 0.0248372 0.0346930 0.0332104 0.0346619 0.0347213 0.0281762 0.0330626 0.0313795 0.0282522 0.0297414 0.0333341 0.0193884 0.0239345 0.0239555 0.0242149 0.0239555 0.0258571 0.0267131 0.0266946 0.0310872 0.0304066 0.0310652 0.0941397 0.0544908 0.0595912 0.3137057 0.3640803 0.0614126 0.0578183 0.0578183 0.0654104 0.1557173 0.0562246 0.1826252 0.0529295 0.0511790 0.0555042 0.1644934 0.0651183 0.2557381 0.0579332 0.0596670 0.1766699 0.0613464 0.0558548 0.3138356 0.0529601 0.0631066 0.0599159 0.0587158 0.0613225 0.1693756 0.0664515 0.0647779 0.0631644 0.0539098 0.4118730 0.0615354 0.0633395 0.2447767 
Ateles_geoffroyi             0.0247182 0.0248452 0.0280120 0.0230890 0.0230890 0.0214912 0.0214715 0.0280688 0.0264131 0.0280688 0.0330274 0.0014649 0.0014649 0.0000000 0.0029476 0.0044260 0.0060452 0.0044312 0.0332149 0.0317093 0.0355039 0.0382190 0.0318033 0.0370559 0.0406683 0.0266521 0.0264178 0.0266525 0.0264178 0.0403420 0.0264330 0.0279851 0.0368419 0.0385581 0.0404987 0.0247496 0.0151541 0.0265171 0.0299036 0.0299036 0.0298003 0.0298003 0.0269142 0.0371605 0.0293569 0.0309327 0.0309904 0.0239983 0.0292158 0.0284011 0.0240681 0.0256755 0.0308351 0.0199712 0.0250333 0.0232781 0.0250333 0.0232781 0.0266720 0.0282925 0.0282705 0.0331936 0.0318501 0.0315009 0.0932679 0.0493630 0.0548615 0.3330933 0.3927709 0.0568172 0.0529542 0.0529542 0.0610961 0.1584736 0.0512269 0.1935553 0.0479963 0.0461059 0.0526473 0.1594097 0.0608025 0.2517023 0.0530672 0.0549353 0.1781211 0.0567530 0.0530113 0.3057266 0.0479373 0.0586494 0.0551834 0.0561608 0.0567264 0.1643114 0.0622740 0.0604593 0.0587035 0.0508104 0.4638981 0.0569410 0.0588819 0.2443973 
Ateles_hybridus              0.0221038 0.0237578 0.0250303 0.0206547 0.0206547 0.0192307 0.0221038 0.0280895 0.0266151 0.0280895 0.0310558 0.0013171 0.0013171 0.0029476 0.0000000 0.0039766 0.0054791 0.0067515 0.0312135 0.0317574 0.0415350 0.0440228 0.0361279 0.0409473 0.0406683 0.0298313 0.0280700 0.0272496 0.0280700 0.0406570 0.0266106 0.0280088 0.0420421 0.0436409 0.0442925 0.0280655 0.0164001 0.0283192 0.0312340 0.0312340 0.0311363 0.0311363 0.0264596 0.0364322 0.0349421 0.0363995 0.0364627 0.0298446 0.0347849 0.0330041 0.0299258 0.0314244 0.0350724 0.0208943 0.0254932 0.0255157 0.0257937 0.0255157 0.0274593 0.0282858 0.0282659 0.0326939 0.0320486 0.0326701 0.0973453 0.0563673 0.0615187 0.3190240 0.3702141 0.0633623 0.0597262 0.0597262 0.0674183 0.1588737 0.0581198 0.1881438 0.0547951 0.0530242 0.0573686 0.1677774 0.0671134 0.2602335 0.0598463 0.0615984 0.1800073 0.0632929 0.0577342 0.3190705 0.0548267 0.0650724 0.0618576 0.0606066 0.0632688 0.1726202 0.0684472 0.0667589 0.0651343 0.0557606 0.4235927 0.0634898 0.0653156 0.2516675 
Ateles_paniscus              0.0235036 0.0252636 0.0235036 0.0220491 0.0220491 0.0206209 0.0235036 0.0295162 0.0280375 0.0295162 0.0324908 0.0026367 0.0026367 0.0044260 0.0039766 0.0000000 0.0068552 0.0081091 0.0326561 0.0332258 0.0435521 0.0460648 0.0376003 0.0424391 0.0456774 0.0312758 0.0294956 0.0287061 0.0294956 0.0421379 0.0280327 0.0264538 0.0419193 0.0452315 0.0459078 0.0294909 0.0177816 0.0297583 0.0326782 0.0326782 0.0325754 0.0325754 0.0279522 0.0379794 0.0364893 0.0379441 0.0380103 0.0313619 0.0363256 0.0344651 0.0314473 0.0329464 0.0366250 0.0223059 0.0269317 0.0269555 0.0272492 0.0269555 0.0289280 0.0297231 0.0297021 0.0310872 0.0304066 0.0310652 0.0996418 0.0579227 0.0630873 0.3204309 0.3714168 0.0649389 0.0612889 0.0612889 0.0690186 0.1557173 0.0596810 0.1826252 0.0563501 0.0545719 0.0589080 0.1644934 0.0687053 0.2557381 0.0614126 0.0631698 0.1817265 0.0648669 0.0592843 0.3138356 0.0563824 0.0666522 0.0634361 0.0621497 0.0648431 0.1693756 0.0700316 0.0683414 0.0667172 0.0572975 0.4251944 0.0650695 0.0669025 0.2447767 
Brachyteles_arachnoides      0.0226294 0.0240641 0.0256278 0.0211449 0.0211449 0.0196866 0.0226294 0.0272545 0.0272545 0.0272545 0.0318044 0.0040863 0.0040863 0.0060452 0.0054791 0.0068552 0.0000000 0.0013527 0.0319698 0.0321501 0.0434627 0.0459684 0.0368176 0.0419622 0.0436948 0.0305563 0.0272352 0.0273612 0.0272352 0.0400613 0.0272498 0.0286804 0.0417449 0.0433307 0.0439723 0.0287400 0.0167880 0.0290062 0.0319916 0.0319916 0.0303586 0.0303586 0.0263306 0.0366391 0.0347058 0.0361532 0.0362150 0.0296494 0.0345514 0.0338124 0.0297294 0.0312172 0.0348344 0.0213962 0.0261136 0.0261372 0.0261136 0.0261372 0.0278018 0.0289711 0.0289502 0.0334866 0.0320281 0.0334614 0.0962015 0.0578023 0.0630911 0.3188967 0.3712521 0.0649877 0.0612493 0.0612493 0.0691686 0.1634180 0.0596027 0.1901944 0.0561917 0.0543715 0.0588126 0.1723012 0.0688468 0.2595098 0.0613758 0.0631756 0.1823406 0.0649141 0.0591970 0.3156018 0.0561260 0.0667428 0.0634484 0.0621318 0.0648895 0.1767856 0.0702048 0.0684733 0.0668095 0.0570647 0.4234905 0.0651215 0.0669996 0.2532679 
Brachyteles_hypoxanthus      0.0236898 0.0251683 0.0266507 0.0222236 0.0222236 0.0207841 0.0207669 0.0282609 0.0282609 0.0282609 0.0327497 0.0053713 0.0053713 0.0044312 0.0067515 0.0081091 0.0013527 0.0000000 0.0329177 0.0331007 0.0412972 0.0437663 0.0347513 0.0395605 0.0428962 0.0284692 0.0282411 0.0286003 0.0282411 0.0409044 0.0282561 0.0296650 0.0400535 0.0416328 0.0422464 0.0267177 0.0150668 0.0299975 0.0329402 0.0329402 0.0313261 0.0313261 0.0278468 0.0383023 0.0330798 0.0345251 0.0345839 0.0280690 0.0329331 0.0316327 0.0281445 0.0296274 0.0332024 0.0224846 0.0271493 0.0271735 0.0271493 0.0271735 0.0288205 0.0299617 0.0299403 0.0344134 0.0334025 0.0343876 0.0934893 0.0549392 0.0600816 0.3164501 0.3710767 0.0619189 0.0582936 0.0582936 0.0659544 0.1620261 0.0566876 0.1943620 0.0533661 0.0516004 0.0559556 0.1684568 0.0656572 0.2502592 0.0584105 0.0601588 0.1832405 0.0618514 0.0563119 0.3143542 0.0533053 0.0636265 0.0604117 0.0591919 0.0618274 0.1704571 0.0669978 0.0653111 0.0636857 0.0542564 0.4301814 0.0620436 0.0638635 0.2485359 
Cacajao_calvus               0.0310574 0.0317253 0.0341060 0.0295479 0.0295479 0.0310355 0.0310574 0.0278766 0.0264151 0.0278766 0.0308164 0.0296188 0.0296188 0.0332149 0.0312135 0.0326561 0.0319698 0.0329177 0.0000000 0.0040289 0.0388455 0.0412534 0.0358370 0.0406074 0.0456944 0.0341124 0.0322992 0.0315723 0.0322992 0.0419023 0.0249774 0.0263623 0.0366717 0.0398758 0.0404589 0.0192082 0.0311330 0.0326397 0.0355679 0.0355679 0.0353984 0.0353984 0.0172016 0.0250529 0.0346743 0.0329096 0.0329653 0.0327892 0.0344940 0.0327434 0.0312749 0.0343728 0.0347759 0.0250977 0.0297666 0.0297930 0.0301172 0.0297930 0.0318181 0.0296166 0.0326294 0.0280186 0.0272698 0.0279996 0.0909036 0.0576633 0.0594289 0.2891541 0.3367401 0.0612424 0.0610087 0.0576633 0.0686837 0.1521071 0.0560756 0.1860591 0.0560997 0.0611032 0.0586459 0.1588676 0.0649316 0.2507522 0.0577774 0.0595042 0.1682501 0.0663290 0.0590180 0.3159925 0.0594711 0.0629294 0.0648515 0.0557718 0.0645395 0.1680442 0.0662602 0.0680145 0.0664003 0.0570449 0.3494848 0.0613644 0.0665837 0.2391597 
Cacajao_melanocephalus       0.0315957 0.0302838 0.0347016 0.0300580 0.0300580 0.0315729 0.0315957 0.0268649 0.0268649 0.0268649 0.0313458 0.0301315 0.0301315 0.0317093 0.0317574 0.0332258 0.0321501 0.0331007 0.0040289 0.0000000 0.0349090 0.0372695 0.0333236 0.0381180 0.0456944 0.0347081 0.0313458 0.0317480 0.0313458 0.0410687 0.0254018 0.0268103 0.0335733 0.0367647 0.0389979 0.0209945 0.0316740 0.0332086 0.0361900 0.0361900 0.0344838 0.0344838 0.0172954 0.0271022 0.0316203 0.0298806 0.0299312 0.0297722 0.0314562 0.0302132 0.0282613 0.0313466 0.0333417 0.0255263 0.0302844 0.0303117 0.0302844 0.0303117 0.0319967 0.0301291 0.0331979 0.0284999 0.0274207 0.0284800 0.0890555 0.0587478 0.0605516 0.2971116 0.3465172 0.0624060 0.0621626 0.0587478 0.0700181 0.1581295 0.0571287 0.1927945 0.0571541 0.0622613 0.0597373 0.1651770 0.0661792 0.2580852 0.0588666 0.0606303 0.1746906 0.0675994 0.0601244 0.3189796 0.0604903 0.0641283 0.0660952 0.0568129 0.0657708 0.1715993 0.0675282 0.0693207 0.0676751 0.0580049 0.3559469 0.0625326 0.0678653 0.2474764 
Callicebus_barbarabrownae    0.0456278 0.0425036 0.0500544 0.0434439 0.0434439 0.0413303 0.0412794 0.0388288 0.0388288 0.0388288 0.0451121 0.0392299 0.0392299 0.0355039 0.0415350 0.0435521 0.0434627 0.0412972 0.0388455 0.0349090 0.0000000 0.0017979 0.0000010 0.0035979 0.0067538 0.0329635 0.0409129 0.0411686 0.0409129 0.0503441 0.0388588 0.0407873 0.0151178 0.0190648 0.0193507 0.0387819 0.0372167 0.0416150 0.0389783 0.0389783 0.0453266 0.0453266 0.0357235 0.0454816 0.0112898 0.0112174 0.0112414 0.0073944 0.0093142 0.0072854 0.0055390 0.0092761 0.0094116 0.0308400 0.0374726 0.0375192 0.0374726 0.0375192 0.0356598 0.0413608 0.0436793 0.0452239 0.0455909 0.0453968 0.0855071 0.0755679 0.0781781 0.3546537 0.4308217 0.0759916 0.0804448 0.0755679 0.0840504 0.2099670 0.0732891 0.2044652 0.0636006 0.0658586 0.0697726 0.2046018 0.0814546 0.2956380 0.0734615 0.0734615 0.2135325 0.0755482 0.0727827 0.3674614 0.0658586 0.0784313 0.0759415 0.0753029 0.0778615 0.1987971 0.0754435 0.0828596 0.0805918 0.0696759 0.4251944 0.0762055 0.0808990 0.2603808 
Callicebus_melanochir        0.0481695 0.0451892 0.0526720 0.0459484 0.0459484 0.0438021 0.0437472 0.0412356 0.0412356 0.0412356 0.0476151 0.0416693 0.0416693 0.0382190 0.0440228 0.0460648 0.0459684 0.0437663 0.0412534 0.0372695 0.0017979 0.0000000 0.0017979 0.0054538 0.0103354 0.0353022 0.0433517 0.0436254 0.0433517 0.0529832 0.0412683 0.0432167 0.0171971 0.0212067 0.0215282 0.0411850 0.0396297 0.0441067 0.0413970 0.0413970 0.0478455 0.0478455 0.0381480 0.0480106 0.0133175 0.0132311 0.0132601 0.0093435 0.0112997 0.0092044 0.0074663 0.0112528 0.0114190 0.0331399 0.0399055 0.0399558 0.0399055 0.0399558 0.0380821 0.0438340 0.0461993 0.0477352 0.0481268 0.0479199 0.0900377 0.0787176 0.0813784 0.3639616 0.4419224 0.0791675 0.0836766 0.0787176 0.0873928 0.2160851 0.0764061 0.2114419 0.0665491 0.0688399 0.0727827 0.2105327 0.0847481 0.3034926 0.0765901 0.0765901 0.2194124 0.0786945 0.0758688 0.3584584 0.0688399 0.0816483 0.0791122 0.0784371 0.0810444 0.2044636 0.0785861 0.0861300 0.0838366 0.0726803 0.4390780 0.0793931 0.0841587 0.2688734 
Callicebus_coimbrai          0.0374445 0.0352420 0.0405983 0.0358832 0.0358832 0.0343625 0.0343321 0.0325844 0.0310868 0.0325844 0.0355961 0.0344727 0.0344727 0.0318033 0.0361279 0.0376003 0.0368176 0.0347513 0.0358370 0.0333236 0.0000010 0.0017979 0.0000000 0.0040121 0.0041286 0.0268183 0.0340894 0.0332180 0.0340894 0.0407322 0.0326021 0.0340136 0.0174685 0.0189445 0.0207542 0.0325560 0.0329249 0.0329614 0.0312432 0.0312432 0.0372416 0.0372416 0.0294086 0.0394729 0.0099873 0.0099389 0.0099553 0.0070387 0.0084958 0.0081249 0.0056262 0.0084694 0.0100247 0.0238115 0.0284835 0.0285088 0.0288208 0.0285088 0.0274686 0.0343575 0.0359999 0.0388437 0.0381386 0.0372848 0.0670794 0.0616828 0.0634936 0.3119075 0.3658544 0.0619223 0.0651026 0.0616828 0.0694695 0.1688938 0.0600649 0.2044652 0.0533641 0.0550207 0.0559550 0.1704223 0.0656634 0.2606495 0.0584115 0.0601610 0.1823420 0.0670754 0.0563117 0.3192718 0.0533951 0.0636312 0.0638471 0.0597326 0.0652615 0.1756253 0.0670051 0.0687832 0.0671493 0.0543472 0.4251944 0.0620471 0.0673368 0.2603808 
Callicebus_nigrifrons        0.0422588 0.0403398 0.0454822 0.0406631 0.0406631 0.0391133 0.0390780 0.0372607 0.0357343 0.0372607 0.0388859 0.0392421 0.0392421 0.0370559 0.0409473 0.0424391 0.0419622 0.0395605 0.0406074 0.0381180 0.0035979 0.0054538 0.0040121 0.0000000 0.0105808 0.0314143 0.0387947 0.0381965 0.0387947 0.0456367 0.0372818 0.0387070 0.0222160 0.0237215 0.0256494 0.0372276 0.0376599 0.0376992 0.0359184 0.0359184 0.0420238 0.0420238 0.0344129 0.0448274 0.0145119 0.0144400 0.0144641 0.0114515 0.0129599 0.0123245 0.0100115 0.0129186 0.0145663 0.0283374 0.0331418 0.0331717 0.0335388 0.0331717 0.0321863 0.0391060 0.0407952 0.0436661 0.0432807 0.0420715 0.0752575 0.0631986 0.0650133 0.3146925 0.3684293 0.0634446 0.0666214 0.0631986 0.0710136 0.1771452 0.0615811 0.2145324 0.0586652 0.0603541 0.0578734 0.1790929 0.0671968 0.2681805 0.0599272 0.0616800 0.1910459 0.0686013 0.0616317 0.3253031 0.0586989 0.0651550 0.0653760 0.0651269 0.0667848 0.1841728 0.0685301 0.0703106 0.0686790 0.0595984 0.4430546 0.0635722 0.0688701 0.2721275 
Callicebus_personatus        0.0453187 0.0428248 0.0503843 0.0428248 0.0428248 0.0404132 0.0428248 0.0355358 0.0331397 0.0355358 0.0427142 0.0406683 0.0406683 0.0406683 0.0406683 0.0456774 0.0436948 0.0428962 0.0456944 0.0456944 0.0067538 0.0103354 0.0041286 0.0105808 0.0000000 0.0336190 0.0427853 0.0428736 0.0427853 0.0455028 0.0354470 0.0378610 0.0250597 0.0247702 0.0272008 0.0403099 0.0431090 0.0383288 0.0358802 0.0358802 0.0479317 0.0479317 0.0336758 0.0385878 0.0155071 0.0131351 0.0131351 0.0131351 0.0131351 0.0127715 0.0109085 0.0131351 0.0176778 0.0284969 0.0336182 0.0333665 0.0336182 0.0333665 0.0312435 0.0404593 0.0431047 0.0455912 0.0432975 0.0406569 0.0967064 0.0672941 0.0674757 0.4093333 0.4763859 0.0619805 0.0699885 0.0646358 0.0798419 0.1771746 0.0621172 0.2665579 0.0513016 0.0538359 0.0612103 0.1701931 0.0677836 0.2725990 0.0565858 0.0592689 0.1834928 0.0727946 0.0586263 0.3621546 0.0512123 0.0646195 0.0680684 0.0640416 0.0702602 0.1887528 0.0730070 0.0758218 0.0699588 0.0612103 1.0863255 0.0593988 0.0734147 0.3525219 
Callimico_goeldii            0.0280856 0.0317724 0.0341546 0.0295880 0.0295880 0.0281097 0.0280856 0.0249990 0.0235494 0.0249990 0.0279154 0.0282425 0.0282425 0.0266521 0.0298313 0.0312758 0.0305563 0.0284692 0.0341124 0.0347081 0.0329635 0.0353022 0.0268183 0.0314143 0.0336190 0.0000000 0.0149686 0.0138956 0.0149686 0.0237823 0.0250118 0.0263987 0.0351661 0.0367308 0.0372664 0.0279348 0.0267413 0.0237216 0.0207424 0.0207424 0.0178339 0.0178339 0.0232463 0.0362417 0.0299578 0.0298034 0.0298536 0.0265841 0.0282351 0.0268123 0.0250870 0.0281382 0.0284655 0.0136423 0.0180240 0.0180394 0.0182319 0.0180394 0.0168822 0.0237303 0.0266796 0.0280578 0.0273088 0.0265723 0.0833645 0.0492175 0.0541959 0.2964828 0.3486048 0.0526642 0.0524705 0.0524705 0.0564515 0.1478152 0.0509060 0.1937202 0.0444681 0.0460597 0.0439047 0.1565782 0.0562105 0.2388374 0.0493116 0.0509824 0.1711780 0.0543036 0.0441725 0.2993238 0.0444943 0.0509337 0.0511889 0.0540698 0.0525886 0.1589280 0.0575534 0.0559266 0.0543462 0.0423676 0.4061384 0.0527681 0.0544967 0.2479185 
Callithrix_jacchus           0.0278893 0.0299472 0.0339088 0.0293796 0.0293796 0.0279130 0.0308796 0.0204893 0.0219074 0.0204893 0.0262092 0.0265111 0.0265111 0.0264178 0.0280700 0.0294956 0.0272352 0.0282411 0.0322992 0.0313458 0.0409129 0.0433517 0.0340894 0.0387947 0.0427853 0.0149686 0.0000000 0.0000010 0.0000010 0.0108221 0.0233474 0.0247183 0.0380966 0.0396565 0.0402332 0.0291748 0.0309543 0.0220653 0.0220115 0.0220115 0.0026420 0.0026420 0.0200404 0.0342880 0.0328487 0.0326798 0.0327344 0.0294471 0.0311099 0.0310360 0.0279534 0.0310028 0.0313620 0.0121391 0.0164451 0.0164590 0.0152065 0.0164590 0.0167258 0.0249945 0.0279342 0.0263408 0.0240770 0.0263236 0.0900341 0.0521452 0.0538572 0.2915175 0.3450320 0.0589127 0.0554039 0.0521452 0.0628006 0.1461150 0.0538401 0.1897575 0.0506115 0.0522205 0.0499618 0.1544853 0.0625264 0.2477333 0.0555114 0.0572059 0.1709251 0.0605670 0.0502691 0.3004247 0.0506405 0.0571513 0.0559263 0.0585038 0.0588272 0.1662666 0.0638468 0.0622074 0.0606233 0.0484106 0.3759013 0.0590288 0.0607888 0.2432617 
Callithrix_kuhlii            0.0270708 0.0302043 0.0332126 0.0285911 0.0285911 0.0270943 0.0301215 0.0209763 0.0209763 0.0209763 0.0253641 0.0256617 0.0256617 0.0266525 0.0272496 0.0287061 0.0273612 0.0286003 0.0315723 0.0317480 0.0411686 0.0436254 0.0332180 0.0381965 0.0428736 0.0138956 0.0000010 0.0000000 0.0000010 0.0110771 0.0224444 0.0238450 0.0380966 0.0396565 0.0402332 0.0283880 0.0301958 0.0211306 0.0210778 0.0210778 0.0027027 0.0027027 0.0200404 0.0332727 0.0328487 0.0326798 0.0327344 0.0294471 0.0311099 0.0302772 0.0279534 0.0310028 0.0313620 0.0110165 0.0153959 0.0154091 0.0153959 0.0154091 0.0168589 0.0241167 0.0271155 0.0254939 0.0240770 0.0254770 0.0900341 0.0518377 0.0535886 0.2925822 0.3478153 0.0587623 0.0551717 0.0518377 0.0627416 0.1484399 0.0535714 0.1897575 0.0502680 0.0519141 0.0496082 0.1532350 0.0624619 0.2405744 0.0552809 0.0570160 0.1676722 0.0604547 0.0499203 0.2901045 0.0502111 0.0569589 0.0557042 0.0583443 0.0586746 0.1624736 0.0638138 0.0621352 0.0605130 0.0479405 0.3759013 0.0588806 0.0606823 0.2432617 
Callithrix_penicillata       0.0278893 0.0299472 0.0339088 0.0293796 0.0293796 0.0279130 0.0308796 0.0204893 0.0219074 0.0204893 0.0262092 0.0265111 0.0265111 0.0264178 0.0280700 0.0294956 0.0272352 0.0282411 0.0322992 0.0313458 0.0409129 0.0433517 0.0340894 0.0387947 0.0427853 0.0149686 0.0000010 0.0000010 0.0000000 0.0108221 0.0233474 0.0247183 0.0380966 0.0396565 0.0402332 0.0291748 0.0309543 0.0220653 0.0220115 0.0220115 0.0026420 0.0026420 0.0200404 0.0342880 0.0328487 0.0326798 0.0327344 0.0294471 0.0311099 0.0310360 0.0279534 0.0310028 0.0313620 0.0121391 0.0164451 0.0164590 0.0152065 0.0164590 0.0167258 0.0249945 0.0279342 0.0263408 0.0240770 0.0263236 0.0900341 0.0521452 0.0538572 0.2915175 0.3450320 0.0589127 0.0554039 0.0521452 0.0628006 0.1461150 0.0538401 0.1897575 0.0506115 0.0522205 0.0499618 0.1544853 0.0625264 0.2477333 0.0555114 0.0572059 0.1709251 0.0605670 0.0502691 0.3004247 0.0506405 0.0571513 0.0559263 0.0585038 0.0588272 0.1662666 0.0638468 0.0622074 0.0606233 0.0484106 0.3759013 0.0590288 0.0607888 0.2432617 
Cebuella_pygmaea             0.0403771 0.0434622 0.0467728 0.0419603 0.0419603 0.0404135 0.0435540 0.0324618 0.0339557 0.0324618 0.0384909 0.0389659 0.0389659 0.0403420 0.0406570 0.0421379 0.0400613 0.0409044 0.0419023 0.0410687 0.0503441 0.0529832 0.0407322 0.0456367 0.0455028 0.0237823 0.0108221 0.0110771 0.0108221 0.0000000 0.0354818 0.0368933 0.0487441 0.0503606 0.0511227 0.0416473 0.0405469 0.0342133 0.0311251 0.0311251 0.0136380 0.0136380 0.0325906 0.0479003 0.0398072 0.0395959 0.0396649 0.0362171 0.0379667 0.0375576 0.0346804 0.0378309 0.0382806 0.0236859 0.0283306 0.0283556 0.0271579 0.0283556 0.0258112 0.0373291 0.0404421 0.0386966 0.0366280 0.0371437 0.1081761 0.0663952 0.0647910 0.3063219 0.3508308 0.0666560 0.0698402 0.0629815 0.0743081 0.1630331 0.0647712 0.2009968 0.0557933 0.0574354 0.0572481 0.1647951 0.0704493 0.2483185 0.0631094 0.0648768 0.1795375 0.0718446 0.0576116 0.3120165 0.0558249 0.0648115 0.0670480 0.0661739 0.0700138 0.1721718 0.0717712 0.0735656 0.0719309 0.0556439 0.4082747 0.0652337 0.0721306 0.2671427 
Cebus_albifrons              0.0264809 0.0252681 0.0294615 0.0250050 0.0250050 0.0264626 0.0264809 0.0219510 0.0205266 0.0219510 0.0248172 0.0250633 0.0250633 0.0264330 0.0266106 0.0280327 0.0272498 0.0282561 0.0249774 0.0254018 0.0388588 0.0412683 0.0326021 0.0372818 0.0354470 0.0250118 0.0233474 0.0224444 0.0233474 0.0354818 0.0000000 0.0039713 0.0316754 0.0332163 0.0336924 0.0219657 0.0265437 0.0264914 0.0264263 0.0264263 0.0263063 0.0263063 0.0200818 0.0295948 0.0328676 0.0326984 0.0327531 0.0294635 0.0311275 0.0295642 0.0279688 0.0310203 0.0313799 0.0163608 0.0207831 0.0208009 0.0210226 0.0208009 0.0226109 0.0178338 0.0206986 0.0163554 0.0153507 0.0163462 0.0853525 0.0471861 0.0520903 0.2833971 0.3302694 0.0538266 0.0503925 0.0503925 0.0576039 0.1442300 0.0488475 0.1826868 0.0473804 0.0489754 0.0499520 0.1544023 0.0573596 0.2373736 0.0504882 0.0521519 0.1601758 0.0539547 0.0502593 0.2887691 0.0474078 0.0554590 0.0541405 0.0487530 0.0537496 0.1644288 0.0586894 0.0570719 0.0572918 0.0484003 0.3672482 0.0539317 0.0556534 0.2357431 
Cebus_olivaceus              0.0278717 0.0267517 0.0278717 0.0263919 0.0263919 0.0278525 0.0278717 0.0233212 0.0218937 0.0233212 0.0261929 0.0264538 0.0264538 0.0279851 0.0280088 0.0264538 0.0286804 0.0296650 0.0263623 0.0268103 0.0407873 0.0432167 0.0340136 0.0387070 0.0378610 0.0263987 0.0247183 0.0238450 0.0247183 0.0368933 0.0039713 0.0000000 0.0331789 0.0347200 0.0352186 0.0233368 0.0279381 0.0278824 0.0278140 0.0278140 0.0276873 0.0276873 0.0215150 0.0310700 0.0343548 0.0341779 0.0342360 0.0309315 0.0326040 0.0309677 0.0294366 0.0324913 0.0328678 0.0177242 0.0221679 0.0221869 0.0224232 0.0221869 0.0240226 0.0192056 0.0220777 0.0177185 0.0167463 0.0177084 0.0874535 0.0486444 0.0535567 0.2845542 0.3312114 0.0552985 0.0518549 0.0518549 0.0590943 0.1411219 0.0503097 0.1769272 0.0488449 0.0504417 0.0514007 0.1485318 0.0588414 0.2277293 0.0519536 0.0536205 0.1572845 0.0554293 0.0517171 0.2780593 0.0488729 0.0569325 0.0556207 0.0502120 0.0552195 0.1611351 0.0601645 0.0585464 0.0587729 0.0498481 0.3685077 0.0554063 0.0571331 0.2286705 
Cheracebus_lucifer           0.0401104 0.0368273 0.0435110 0.0384280 0.0384280 0.0400785 0.0367576 0.0332519 0.0316279 0.0332519 0.0364775 0.0402194 0.0402194 0.0368419 0.0420421 0.0419193 0.0417449 0.0400535 0.0366717 0.0335733 0.0151178 0.0171971 0.0174685 0.0222160 0.0250597 0.0351661 0.0380966 0.0380966 0.0380966 0.0487441 0.0316754 0.0331789 0.0000000 0.0028187 0.0014167 0.0348278 0.0352532 0.0385741 0.0433286 0.0433286 0.0415179 0.0415179 0.0302901 0.0395363 0.0191654 0.0190680 0.0191010 0.0159925 0.0175526 0.0176405 0.0145262 0.0174950 0.0192367 0.0286041 0.0337202 0.0337526 0.0337202 0.0337526 0.0320953 0.0401408 0.0419490 0.0399204 0.0381389 0.0382521 0.0463802 0.0623267 0.0679273 0.3085737 0.3655702 0.0662484 0.0659716 0.0659716 0.0706475 0.1752205 0.0642368 0.2077134 0.0608041 0.0626066 0.0615512 0.1772464 0.0703020 0.2604665 0.0624618 0.0643484 0.1810121 0.0625686 0.0619741 0.3121080 0.0607287 0.0680880 0.0664890 0.0637975 0.0661438 0.1831108 0.0661552 0.0699018 0.0681608 0.0597117 0.3880860 0.0663912 0.0683634 0.2541810 
Cheracebus_lugens            0.0416923 0.0384672 0.0451060 0.0400033 0.0400033 0.0416590 0.0383262 0.0347967 0.0331661 0.0347967 0.0364104 0.0418063 0.0418063 0.0385581 0.0436409 0.0452315 0.0433307 0.0416328 0.0398758 0.0367647 0.0190648 0.0212067 0.0189445 0.0237215 0.0247702 0.0367308 0.0396565 0.0396565 0.0396565 0.0503606 0.0332163 0.0347200 0.0028187 0.0000000 0.0014075 0.0363762 0.0368228 0.0401549 0.0449161 0.0449161 0.0430940 0.0430940 0.0318360 0.0411579 0.0206623 0.0205578 0.0205926 0.0174656 0.0190363 0.0191329 0.0159967 0.0189735 0.0207399 0.0301403 0.0352884 0.0353225 0.0352884 0.0353225 0.0336581 0.0417235 0.0435424 0.0431847 0.0413743 0.0414978 0.0411834 0.0658437 0.0714906 0.2977426 0.3554040 0.0698100 0.0695154 0.0695154 0.0742801 0.1693549 0.0677726 0.2026309 0.0624970 0.0643037 0.0632180 0.1748611 0.0739126 0.2519390 0.0659881 0.0678923 0.1751287 0.0661003 0.0636527 0.2986559 0.0624194 0.0716627 0.0700648 0.0654810 0.0696996 0.1772065 0.0697116 0.0734882 0.0717436 0.0613713 0.3922861 0.0699606 0.0719562 0.2474641 
Cheracebus_torquatus         0.0423077 0.0403205 0.0457782 0.0405911 0.0405911 0.0422734 0.0388867 0.0352968 0.0336414 0.0352968 0.0369359 0.0424254 0.0424254 0.0404987 0.0442925 0.0459078 0.0439723 0.0422464 0.0404589 0.0389979 0.0193507 0.0215282 0.0207542 0.0256494 0.0272008 0.0372664 0.0402332 0.0402332 0.0402332 0.0511227 0.0336924 0.0352186 0.0014167 0.0014075 0.0000000 0.0352701 0.0373615 0.0407470 0.0455822 0.0455822 0.0437278 0.0437278 0.0336471 0.0417809 0.0225262 0.0224104 0.0224490 0.0192476 0.0208571 0.0209649 0.0177516 0.0207867 0.0223467 0.0305712 0.0358040 0.0358390 0.0358040 0.0358390 0.0341480 0.0423397 0.0441903 0.0438216 0.0419798 0.0421067 0.0435710 0.0650456 0.0707662 0.3015884 0.3615175 0.0690607 0.0687657 0.0687657 0.0735847 0.1703171 0.0669992 0.1954340 0.0616515 0.0634817 0.0623966 0.1731959 0.0732159 0.2548138 0.0651899 0.0671183 0.1735083 0.0653031 0.0628312 0.2944788 0.0615740 0.0709384 0.0693160 0.0646828 0.0689499 0.1782977 0.0689620 0.0727890 0.0710187 0.0605276 0.3952776 0.0692118 0.0712334 0.2404883 
Chiropotes_chiropotes        0.0309231 0.0299971 0.0309231 0.0294207 0.0294207 0.0309013 0.0279279 0.0248214 0.0233828 0.0248214 0.0277153 0.0265069 0.0265069 0.0247496 0.0280655 0.0294909 0.0287400 0.0267177 0.0192082 0.0209945 0.0387819 0.0411850 0.0325560 0.0372276 0.0403099 0.0279348 0.0291748 0.0283880 0.0291748 0.0416473 0.0219657 0.0233368 0.0348278 0.0363762 0.0352701 0.0000000 0.0250299 0.0264959 0.0323156 0.0323156 0.0322152 0.0322152 0.0141765 0.0233920 0.0296510 0.0295264 0.0295764 0.0262982 0.0310817 0.0295231 0.0263680 0.0278339 0.0297652 0.0220700 0.0266382 0.0266614 0.0269486 0.0266614 0.0286047 0.0235611 0.0264875 0.0249455 0.0241311 0.0249295 0.0800732 0.0505628 0.0555331 0.2790168 0.3286808 0.0572992 0.0538094 0.0538094 0.0611574 0.1511881 0.0522494 0.1814964 0.0490319 0.0538880 0.0515955 0.1568881 0.0608917 0.2424393 0.0539132 0.0556001 0.1668309 0.0589481 0.0519143 0.3039492 0.0523002 0.0589515 0.0574871 0.0487554 0.0572162 0.1570678 0.0622174 0.0605827 0.0590009 0.0500369 0.3639451 0.0574119 0.0591620 0.2339141 
Lagothrix_lagotricha         0.0220497 0.0236951 0.0249681 0.0206045 0.0206045 0.0220349 0.0191686 0.0280185 0.0265483 0.0280185 0.0309762 0.0149487 0.0149487 0.0151541 0.0164001 0.0177816 0.0167880 0.0150668 0.0311330 0.0316740 0.0372167 0.0396297 0.0329249 0.0376599 0.0431090 0.0267413 0.0309543 0.0301958 0.0309543 0.0405469 0.0265437 0.0279381 0.0352532 0.0368228 0.0373615 0.0250299 0.0000000 0.0312312 0.0341593 0.0341593 0.0340512 0.0340512 0.0263899 0.0346934 0.0315887 0.0330380 0.0330944 0.0266004 0.0314485 0.0298525 0.0266718 0.0281560 0.0284838 0.0237434 0.0284011 0.0284263 0.0287365 0.0284263 0.0273879 0.0282137 0.0312213 0.0326092 0.0319636 0.0310926 0.0888677 0.0527918 0.0578600 0.3077705 0.3612948 0.0563115 0.0560999 0.0560999 0.0584457 0.1627234 0.0545132 0.1850703 0.0512364 0.0494988 0.0505689 0.1691228 0.0599362 0.2526675 0.0528945 0.0545972 0.1745631 0.0562532 0.0508844 0.3137903 0.0512660 0.0579802 0.0547772 0.0537408 0.0545179 0.1693580 0.0595394 0.0578956 0.0563015 0.0457893 0.4117768 0.0564234 0.0564574 0.2473701 
Leontocebus_fuscicollis      0.0311551 0.0351129 0.0373150 0.0326800 0.0326800 0.0311822 0.0342149 0.0264776 0.0250194 0.0264776 0.0294110 0.0267445 0.0267445 0.0265171 0.0283192 0.0297583 0.0290062 0.0299975 0.0326397 0.0332086 0.0416150 0.0441067 0.0329614 0.0376992 0.0383288 0.0237216 0.0220653 0.0211306 0.0220653 0.0342133 0.0264914 0.0278824 0.0385741 0.0401549 0.0407470 0.0264959 0.0312312 0.0000000 0.0221675 0.0221675 0.0250270 0.0250270 0.0217564 0.0330488 0.0331365 0.0314083 0.0314615 0.0281170 0.0329893 0.0313143 0.0281927 0.0296779 0.0332595 0.0093734 0.0107660 0.0107749 0.0108866 0.0107749 0.0123471 0.0281567 0.0281809 0.0295621 0.0288472 0.0295416 0.0917653 0.0493917 0.0543893 0.2932852 0.3415164 0.0561633 0.0526566 0.0526566 0.0600346 0.1396064 0.0510867 0.1819608 0.0478497 0.0494620 0.0504434 0.1566181 0.0597735 0.2398091 0.0527591 0.0544555 0.1732887 0.0578220 0.0507563 0.2962013 0.0478775 0.0544027 0.0546787 0.0524886 0.0560818 0.1689438 0.0611136 0.0594677 0.0578736 0.0488753 0.3939544 0.0562745 0.0580334 0.2453166 
