92
Alouatta_belzebul           0.0000000 0.0038259 0.0090236 0.0025476 0.0477080 0.0479396 0.0505714 0.0492621 0.0266722 0.0253039 0.0267399 0.0253203 0.0267479 0.0322474 0.0310023 0.0513135 0.0592912 0.0634684 0.0590121 0.0527881 0.0660674 0.0612482 0.0615059 0.0617046 0.0615059 0.0631524 0.0499657 0.0561258 0.0493251 0.0497899 0.0497294 0.0556947 0.0337951 0.0564955 0.0548272 0.0564481 0.0599335 0.0599335 0.0629913 0.0645378 0.0527083 0.0539964 0.0618399 0.0603341 0.0603341 0.0602807 0.0695505 0.0602807 0.0589130 0.0563733 0.0525755 0.0529034 0.0542549 0.0517916 0.0553673 0.0563838 0.0657976 0.0548329 0.0548206 0.0532858 0.0594224 0.0609317 0.0623654 0.0502584 0.0466320 0.1031214 0.1067665 0.2115702 0.1065775 0.1023827 0.1042185 0.1200696 0.1042185 0.1207700 0.1136661 0.1869925 0.1114955 0.3214773 0.1159053 0.2014406 0.1173876 0.1122138 0.7771472 0.1165570 0.1111367 0.1225105 0.2013536 0.1179371 0.1176915 0.1132001 0.1087463 0.1212340 
Alouatta_caraya             0.0038259 0.0000000 0.0077203 0.0012710 0.0462574 0.0464830 0.0491126 0.0478046 0.0252915 0.0239275 0.0253555 0.0239430 0.0253623 0.0308459 0.0295987 0.0498330 0.0574667 0.0617063 0.0574987 0.0513025 0.0643988 0.0596728 0.0599953 0.0601887 0.0599953 0.0616332 0.0484859 0.0545800 0.0478654 0.0483159 0.0482575 0.0542004 0.0323824 0.0549391 0.0532801 0.0548932 0.0584300 0.0584300 0.0614752 0.0630151 0.0512248 0.0525138 0.0603208 0.0588197 0.0588197 0.0587682 0.0680030 0.0587682 0.0574021 0.0548206 0.0510960 0.0514150 0.0527649 0.0502541 0.0538820 0.0548309 0.0640120 0.0532858 0.0532738 0.0517445 0.0596690 0.0611847 0.0626354 0.0487685 0.0451755 0.1014295 0.1050579 0.2115702 0.1048482 0.1006796 0.1025313 0.1183204 0.1025313 0.1190302 0.1119097 0.1869925 0.1097519 0.3214773 0.1122708 0.2014406 0.1156369 0.1104817 0.8014053 0.1148403 0.1094238 0.1207442 0.2013536 0.1161998 0.1159585 0.1114746 0.1070041 0.1194871 
Alouatta_palliata           0.0090236 0.0077203 0.0000000 0.0064283 0.0460422 0.0462643 0.0488836 0.0475815 0.0224538 0.0211039 0.0225102 0.0211175 0.0225173 0.0279449 0.0280802 0.0495975 0.0534047 0.0577539 0.0572265 0.0496128 0.0590331 0.0561634 0.0582471 0.0584338 0.0582471 0.0598696 0.0482561 0.0526594 0.0476414 0.0480878 0.0480300 0.0510243 0.0294528 0.0514974 0.0498689 0.0514556 0.0566953 0.0566953 0.0597169 0.0612447 0.0480811 0.0493671 0.0600374 0.0585434 0.0585434 0.0584921 0.0676849 0.0584921 0.0541807 0.0513880 0.0494141 0.0497218 0.0510646 0.0468830 0.0521838 0.0513977 0.0582781 0.0498741 0.0498631 0.0483546 0.0579311 0.0594353 0.0590934 0.0485372 0.0449629 0.0993056 0.1029020 0.2030221 0.1026671 0.0985440 0.1004097 0.1160750 0.1004097 0.1167945 0.1096734 0.1822934 0.1075381 0.3090223 0.1138506 0.1965718 0.1133972 0.1082802 0.7771472 0.1126459 0.1072512 0.1184699 0.1964681 0.1139754 0.1137402 0.1092786 0.1047998 0.1172413 
Alouatta_sara               0.0025476 0.0012710 0.0064283 0.0000000 0.0448741 0.0450926 0.0477240 0.0464154 0.0239450 0.0225836 0.0240056 0.0225982 0.0240131 0.0280990 0.0268452 0.0484249 0.0556404 0.0600530 0.0560712 0.0498916 0.0628374 0.0581905 0.0585743 0.0587631 0.0585743 0.0602068 0.0470764 0.0531173 0.0464743 0.0469116 0.0468550 0.0527858 0.0310143 0.0534670 0.0518142 0.0534224 0.0570133 0.0570133 0.0600525 0.0615893 0.0498159 0.0511074 0.0588924 0.0573943 0.0573943 0.0573436 0.0665602 0.0573436 0.0559765 0.0533518 0.0496907 0.0500016 0.0513521 0.0487938 0.0524755 0.0533619 0.0623406 0.0518198 0.0518082 0.0502817 0.0567734 0.0582806 0.0595908 0.0473516 0.0437833 0.0982580 0.1017545 0.2046123 0.1016148 0.0974852 0.0992655 0.1150812 0.0992655 0.1175111 0.1103612 0.1803755 0.1065030 0.3128651 0.1107712 0.1946818 0.1123881 0.1089517 0.7771472 0.1133328 0.1079099 0.1174787 0.1945700 0.1129775 0.1127436 0.1099525 0.1037508 0.1162548 
Aotus_azarae                0.0477080 0.0462574 0.0460422 0.0448741 0.0000000 0.0064386 0.0025464 0.0064302 0.0477219 0.0462939 0.0478455 0.0463246 0.0478556 0.0521132 0.0480124 0.0567790 0.0659573 0.0733802 0.0661146 0.0465121 0.0556959 0.0514788 0.0521298 0.0522953 0.0521298 0.0537137 0.0408533 0.0465711 0.0403387 0.0581832 0.0610575 0.0626961 0.0509027 0.0498726 0.0482557 0.0498317 0.0448788 0.0448788 0.0506816 0.0521695 0.0567311 0.0580114 0.0673701 0.0658561 0.0658561 0.0657979 0.0751322 0.0657979 0.0644344 0.0467816 0.0463031 0.0480509 0.0465092 0.0452853 0.0490510 0.0497754 0.0530507 0.0482607 0.0482500 0.0467498 0.0548138 0.0563022 0.0575061 0.0425391 0.0391017 0.1206157 0.1247134 0.1999634 0.1225573 0.1149744 0.1200286 0.1377769 0.1200286 0.1334894 0.1265666 0.1825323 0.1277769 0.3012777 0.1348015 0.1968328 0.1336862 0.1269177 0.8657693 0.1294548 0.1237271 0.1441249 0.2049478 0.1357681 0.1320399 0.1258751 0.1250404 0.1356604 
Aotus_griseimembra          0.0479396 0.0464830 0.0462643 0.0450926 0.0064386 0.0000000 0.0090390 0.0025508 0.0479538 0.0465201 0.0480786 0.0465506 0.0480889 0.0523664 0.0482469 0.0584725 0.0680818 0.0754704 0.0678799 0.0481343 0.0556490 0.0514367 0.0520891 0.0522543 0.0520891 0.0536718 0.0424401 0.0482457 0.0419028 0.0598846 0.0627760 0.0644289 0.0511507 0.0515802 0.0499479 0.0515375 0.0464833 0.0464833 0.0506418 0.0521287 0.0584242 0.0597066 0.0691384 0.0676140 0.0676140 0.0675539 0.0769558 0.0675539 0.0661847 0.0484645 0.0479170 0.0496861 0.0481314 0.0469575 0.0506785 0.0514799 0.0549962 0.0499536 0.0499426 0.0484315 0.0564803 0.0579795 0.0592687 0.0441467 0.0406647 0.1211814 0.1252983 0.2039629 0.1231391 0.1155213 0.1205893 0.1384109 0.1205893 0.1341033 0.1271665 0.1832832 0.1283801 0.3065276 0.1354482 0.1976321 0.1343087 0.1275133 0.8414251 0.1300508 0.1243033 0.1447878 0.2057790 0.1363932 0.1326489 0.1264622 0.1256351 0.1362845 
Aotus_nancymaae             0.0505714 0.0491126 0.0488836 0.0477240 0.0025464 0.0090390 0.0000000 0.0090273 0.0505868 0.0491526 0.0507182 0.0491848 0.0507290 0.0550079 0.0508963 0.0597119 0.0695685 0.0768842 0.0691156 0.0493833 0.0588810 0.0544937 0.0550232 0.0551984 0.0550232 0.0566220 0.0436973 0.0495341 0.0431459 0.0611215 0.0640080 0.0656616 0.0538024 0.0528731 0.0512393 0.0528291 0.0477287 0.0477287 0.0535672 0.0550654 0.0596631 0.0609404 0.0703688 0.0688460 0.0688460 0.0687850 0.0781803 0.0687850 0.0674198 0.0497583 0.0491612 0.0509354 0.0493802 0.0482525 0.0519176 0.0527703 0.0564452 0.0512454 0.0512341 0.0497245 0.0577117 0.0592100 0.0605541 0.0454097 0.0419146 0.1239736 0.1281078 0.2033089 0.1259739 0.1183297 0.1233681 0.1412235 0.1233681 0.1368959 0.1300139 0.1857376 0.1312211 0.3054364 0.1383667 0.2001098 0.1371369 0.1303335 0.8852546 0.1328290 0.1270885 0.1476273 0.2082864 0.1391988 0.1354432 0.1292612 0.1284856 0.1390874 
Aotus_trivirgatus           0.0492621 0.0478046 0.0475815 0.0464154 0.0064302 0.0025508 0.0090273 0.0000000 0.0492780 0.0478433 0.0494062 0.0478748 0.0494164 0.0536953 0.0495791 0.0583920 0.0661352 0.0753494 0.0677856 0.0480687 0.0555663 0.0513633 0.0520184 0.0521832 0.0520184 0.0535988 0.0423824 0.0481779 0.0418465 0.0598024 0.0626897 0.0643396 0.0524847 0.0515066 0.0498776 0.0514647 0.0464202 0.0464202 0.0505732 0.0520579 0.0583441 0.0596251 0.0690426 0.0675205 0.0675205 0.0674605 0.0768486 0.0674605 0.0660931 0.0483961 0.0478520 0.0496181 0.0480655 0.0468912 0.0506107 0.0514069 0.0549084 0.0498829 0.0498719 0.0483631 0.0564032 0.0579005 0.0591843 0.0440862 0.0406097 0.1225983 0.1267249 0.2034412 0.1245781 0.1169453 0.1219993 0.1398418 0.1219993 0.1355231 0.1286127 0.1793399 0.1298233 0.2971380 0.1369323 0.1935689 0.1357467 0.1289458 0.8465155 0.1314624 0.1257173 0.1462337 0.2016241 0.1378201 0.1340693 0.1278837 0.1270826 0.1377100 
Ateles_belzebuth            0.0266722 0.0252915 0.0224538 0.0239450 0.0477219 0.0479538 0.0505868 0.0492780 0.0000000 0.0038346 0.0012763 0.0038370 0.0025618 0.0184013 0.0211961 0.0484011 0.0574987 0.0617421 0.0590270 0.0498897 0.0611934 0.0566366 0.0570840 0.0572668 0.0570840 0.0587087 0.0454991 0.0514588 0.0448501 0.0468883 0.0497311 0.0557070 0.0210885 0.0519298 0.0502856 0.0518867 0.0526000 0.0526000 0.0585580 0.0585580 0.0526629 0.0510293 0.0588661 0.0573682 0.0573682 0.0573173 0.0665328 0.0573173 0.0559515 0.0518182 0.0482278 0.0485294 0.0498794 0.0472742 0.0510077 0.0518280 0.0588296 0.0502911 0.0502799 0.0487579 0.0480308 0.0495069 0.0487423 0.0457632 0.0422366 0.0978107 0.1035900 0.2060136 0.0981441 0.0973445 0.0992309 0.1165667 0.0992309 0.1171544 0.1095440 0.1847768 0.1030069 0.3024905 0.1071729 0.1992808 0.1138770 0.1100476 0.8088577 0.1129862 0.1075718 0.1189776 0.2075296 0.1139755 0.1142168 0.1091516 0.1002547 0.1177378 
Ateles_chamek               0.0253039 0.0239275 0.0211039 0.0225836 0.0462939 0.0465201 0.0491526 0.0478433 0.0038346 0.0000000 0.0051305 0.0025544 0.0038491 0.0197455 0.0225551 0.0469538 0.0557156 0.0600222 0.0575430 0.0484369 0.0595751 0.0551058 0.0556156 0.0557945 0.0556156 0.0572330 0.0411842 0.0469607 0.0405992 0.0454465 0.0482833 0.0542402 0.0197430 0.0504152 0.0487793 0.0503734 0.0540670 0.0540670 0.0570858 0.0570858 0.0512069 0.0495816 0.0573861 0.0558926 0.0558926 0.0558434 0.0650284 0.0558434 0.0544781 0.0503061 0.0467857 0.0470791 0.0484277 0.0457764 0.0495614 0.0503159 0.0571044 0.0487844 0.0487735 0.0472568 0.0494858 0.0509666 0.0502639 0.0414232 0.0379853 0.0961949 0.1019478 0.1993588 0.0998165 0.0957129 0.0976152 0.1148963 0.0976152 0.1154950 0.1078731 0.1784270 0.1046923 0.3029282 0.1089083 0.1927938 0.1122038 0.1083915 0.7936035 0.1113470 0.1059341 0.1172919 0.2009251 0.1123228 0.1125605 0.1075097 0.1019397 0.1160701 
Ateles_fusciceps            0.0267399 0.0253555 0.0225102 0.0240056 0.0478455 0.0480786 0.0507182 0.0494062 0.0012763 0.0051305 0.0000000 0.0051338 0.0025680 0.0184473 0.0212495 0.0485282 0.0574987 0.0617421 0.0591844 0.0500211 0.0611934 0.0566366 0.0572349 0.0574196 0.0572349 0.0588644 0.0456183 0.0514588 0.0449660 0.0470111 0.0498616 0.0558543 0.0211414 0.0519298 0.0502856 0.0518867 0.0527383 0.0527383 0.0587129 0.0587129 0.0542465 0.0525993 0.0590226 0.0575206 0.0575206 0.0574697 0.0667115 0.0574697 0.0561000 0.0518182 0.0483541 0.0486571 0.0500106 0.0472742 0.0511412 0.0518280 0.0588296 0.0502911 0.0502799 0.0487579 0.0481561 0.0496363 0.0487423 0.0458838 0.0423020 0.0980851 0.1038840 0.2035824 0.0984244 0.0976204 0.0995089 0.1168996 0.0995089 0.1207486 0.1129534 0.1823785 0.1033020 0.2992093 0.1073615 0.1968860 0.1142035 0.1136210 0.8088577 0.1165289 0.1111007 0.1193198 0.2051227 0.1142982 0.1145408 0.1126926 0.1005426 0.1180731 
Ateles_hybridus             0.0253203 0.0239430 0.0211175 0.0225982 0.0463246 0.0465506 0.0491848 0.0478748 0.0038370 0.0025544 0.0051338 0.0000000 0.0038516 0.0197582 0.0225697 0.0469849 0.0557604 0.0600684 0.0575810 0.0484693 0.0596182 0.0551434 0.0556526 0.0558316 0.0556526 0.0572711 0.0440882 0.0499922 0.0434594 0.0454766 0.0483152 0.0542761 0.0197557 0.0504490 0.0488128 0.0504081 0.0541029 0.0541029 0.0571229 0.0571229 0.0512400 0.0496148 0.0574235 0.0559299 0.0559299 0.0558802 0.0650719 0.0558802 0.0545144 0.0503412 0.0468166 0.0471104 0.0484598 0.0458078 0.0495940 0.0503509 0.0571488 0.0488180 0.0488071 0.0472892 0.0495185 0.0510009 0.0502986 0.0443448 0.0408444 0.0962609 0.1020183 0.1993588 0.0998863 0.0957793 0.0976821 0.1149757 0.0976821 0.1155742 0.1079485 0.1817659 0.1047655 0.3073658 0.1089862 0.1962166 0.1122818 0.1084665 0.7936035 0.1114229 0.1060068 0.1173735 0.2044163 0.1123999 0.1126379 0.1075835 0.1020112 0.1161501 
Ateles_paniscus             0.0267479 0.0253623 0.0225173 0.0240131 0.0478556 0.0480889 0.0507290 0.0494164 0.0025618 0.0038491 0.0025680 0.0038516 0.0000000 0.0211507 0.0239828 0.0485377 0.0576956 0.0619439 0.0591945 0.0500314 0.0613817 0.0568032 0.0572451 0.0574298 0.0572451 0.0588747 0.0456287 0.0516094 0.0449760 0.0470215 0.0498720 0.0558641 0.0211481 0.0520826 0.0504337 0.0520386 0.0556859 0.0556859 0.0587230 0.0587230 0.0528680 0.0512264 0.0590328 0.0575309 0.0575309 0.0574799 0.0667207 0.0574799 0.0561103 0.0519705 0.0483644 0.0486681 0.0500200 0.0474137 0.0511517 0.0519804 0.0590238 0.0504391 0.0504279 0.0489019 0.0481656 0.0496467 0.0488853 0.0458951 0.0423562 0.0980853 0.1038814 0.2069577 0.1017601 0.0976208 0.0995085 0.1168899 0.0995085 0.1176098 0.1099794 0.1856234 0.1066595 0.3038890 0.1109415 0.2001844 0.1141953 0.1104807 0.8125176 0.1134238 0.1079926 0.1193086 0.2084703 0.1142902 0.1145326 0.1095782 0.1039015 0.1180628 
Brachyteles_arachnoides     0.0322474 0.0308459 0.0279449 0.0280990 0.0521132 0.0523664 0.0550079 0.0536953 0.0184013 0.0197455 0.0184473 0.0197582 0.0211507 0.0000000 0.0077386 0.0542455 0.0572762 0.0632568 0.0649236 0.0529929 0.0611024 0.0581200 0.0600428 0.0601405 0.0600428 0.0616835 0.0483959 0.0529159 0.0477030 0.0527085 0.0555778 0.0601421 0.0224848 0.0533992 0.0517487 0.0533555 0.0555282 0.0555282 0.0615257 0.0615257 0.0571239 0.0555480 0.0648502 0.0633336 0.0633336 0.0632773 0.0726221 0.0632773 0.0619065 0.0532849 0.0511299 0.0514680 0.0529036 0.0487298 0.0538349 0.0532950 0.0570293 0.0517542 0.0517426 0.0502174 0.0554226 0.0569288 0.0565800 0.0517139 0.0480555 0.1048917 0.1088414 0.1956144 0.1033657 0.1025470 0.1043866 0.1217768 0.1043866 0.1227727 0.1167791 0.1888540 0.1082767 0.3183682 0.1146625 0.2034959 0.1177391 0.1190325 0.7853624 0.1185180 0.1164443 0.1260696 0.2118488 0.1209178 0.1211743 0.1180547 0.1055188 0.1247511 
Brachyteles_hypoxanthus     0.0310023 0.0295987 0.0280802 0.0268452 0.0480124 0.0482469 0.0508963 0.0495791 0.0211961 0.0225551 0.0212495 0.0225697 0.0239828 0.0077386 0.0000000 0.0544855 0.0557966 0.0618522 0.0621862 0.0501473 0.0579782 0.0551494 0.0571861 0.0572798 0.0571861 0.0588147 0.0471655 0.0516577 0.0464886 0.0529424 0.0558242 0.0574225 0.0253293 0.0504535 0.0488157 0.0504116 0.0497735 0.0497735 0.0557067 0.0557067 0.0544112 0.0557932 0.0651377 0.0636144 0.0636144 0.0635576 0.0729447 0.0635576 0.0621819 0.0503451 0.0483113 0.0486316 0.0500629 0.0458096 0.0510167 0.0503547 0.0519983 0.0488210 0.0488101 0.0472916 0.0570265 0.0585419 0.0582648 0.0504807 0.0468324 0.1102912 0.1143159 0.2032917 0.1088316 0.1046032 0.1097557 0.1291776 0.1097557 0.1249383 0.1207192 0.1927118 0.1137982 0.3196172 0.1204008 0.2042944 0.1251364 0.1229602 0.8085701 0.1206433 0.1185613 0.1335816 0.2126783 0.1282599 0.1285332 0.1219443 0.1110314 0.1321765 
Cacajao_calvus              0.0513135 0.0498330 0.0495975 0.0484249 0.0567790 0.0584725 0.0597119 0.0583920 0.0484011 0.0469538 0.0485282 0.0469849 0.0485377 0.0542455 0.0544855 0.0000000 0.0046450 0.0424124 0.0423135 0.0546165 0.0663980 0.0615380 0.0617854 0.0619852 0.0617854 0.0634408 0.0576464 0.0641744 0.0568985 0.0294263 0.0321576 0.0156155 0.0515349 0.0598606 0.0581645 0.0598097 0.0602046 0.0602046 0.0632780 0.0648329 0.0267031 0.0252481 0.0421997 0.0407703 0.0407703 0.0407352 0.0494929 0.0407352 0.0379757 0.0566361 0.0528095 0.0562161 0.0575788 0.0550957 0.0556144 0.0597408 0.0680688 0.0581713 0.0550754 0.0566046 0.0646733 0.0632176 0.0647810 0.0581027 0.0542860 0.1136610 0.1155266 0.2226438 0.1176684 0.1110371 0.1113691 0.1363705 0.1113691 0.1266955 0.1230991 0.2030830 0.1208500 0.3324607 0.1258492 0.2222706 0.1302899 0.1230291 0.8196080 0.1226969 0.1169260 0.1351975 0.2310214 0.1322602 0.1319773 0.1259095 0.1180832 0.1356425 
Cacajao_melanocephalus      0.0592912 0.0574667 0.0534047 0.0556404 0.0659573 0.0680818 0.0695685 0.0661352 0.0574987 0.0557156 0.0574987 0.0557604 0.0576956 0.0572762 0.0557966 0.0046450 0.0000000 0.0443336 0.0443336 0.0634314 0.0686117 0.0664732 0.0683154 0.0683154 0.0683154 0.0723413 0.0605211 0.0623275 0.0606595 0.0357822 0.0391167 0.0125260 0.0595375 0.0645954 0.0628189 0.0647559 0.0702638 0.0702638 0.0683892 0.0702936 0.0241534 0.0240559 0.0459229 0.0441935 0.0441935 0.0441477 0.0530483 0.0441477 0.0391085 0.0628666 0.0593740 0.0634038 0.0632037 0.0610536 0.0645751 0.0646303 0.0688010 0.0646721 0.0592599 0.0628260 0.0680049 0.0717336 0.0719848 0.0593757 0.0574268 0.1136641 0.1182394 0.2013838 0.1187344 0.1127897 0.1131683 0.1437117 0.1131683 0.1275085 0.1226305 0.2098225 0.1226067 0.3212666 0.1287552 0.2273533 0.1361204 0.1251659 0.8883401 0.1247974 0.1131121 0.1398711 0.2345290 0.1365516 0.1382870 0.1286585 0.1214307 0.1427833 
Callicebus_coimbrai         0.0634684 0.0617063 0.0577539 0.0600530 0.0733802 0.0754704 0.0768842 0.0753494 0.0617421 0.0600222 0.0617421 0.0600684 0.0619439 0.0632568 0.0618522 0.0424124 0.0443336 0.0000000 0.0029561 0.0746053 0.0707408 0.0739279 0.0757176 0.0757176 0.0757176 0.0760664 0.0680929 0.0698490 0.0682431 0.0120427 0.0150845 0.0507912 0.0654876 0.0756440 0.0739129 0.0758247 0.0812076 0.0812076 0.0722460 0.0740853 0.0424452 0.0439137 0.0166082 0.0150689 0.0150689 0.0150541 0.0213198 0.0150541 0.0120257 0.0722820 0.0671219 0.0745684 0.0726083 0.0705127 0.0739343 0.0758479 0.0806152 0.0740412 0.0687645 0.0722366 0.0754160 0.0754942 0.0757482 0.0670550 0.0651464 0.1171744 0.1215638 0.1993597 0.1201094 0.1185729 0.1166860 0.1459253 0.1166860 0.1308018 0.1261498 0.2060921 0.1237974 0.3241349 0.1338709 0.2166124 0.1386867 0.1285929 0.8635447 0.1281877 0.1228241 0.1422615 0.2323702 0.1410779 0.1407254 0.1279070 0.1245823 0.1450274 
Callicebus_personatus       0.0590121 0.0574987 0.0572265 0.0560712 0.0661146 0.0678799 0.0691156 0.0677856 0.0590270 0.0575430 0.0591844 0.0575810 0.0591945 0.0649236 0.0621862 0.0423135 0.0443336 0.0029561 0.0000000 0.0670698 0.0683834 0.0697216 0.0713198 0.0714387 0.0713198 0.0699584 0.0656765 0.0708407 0.0648130 0.0157871 0.0184514 0.0509302 0.0638120 0.0711794 0.0694132 0.0711172 0.0727533 0.0727533 0.0697796 0.0713668 0.0436844 0.0464690 0.0183796 0.0170381 0.0170381 0.0170239 0.0238321 0.0170239 0.0157213 0.0663395 0.0621726 0.0686223 0.0670582 0.0647605 0.0664433 0.0695190 0.0788892 0.0679095 0.0647374 0.0663022 0.0758163 0.0743286 0.0746638 0.0662031 0.0621902 0.1256525 0.1275632 0.2202255 0.1282096 0.1249915 0.1232533 0.1488291 0.1232533 0.1392477 0.1337748 0.2040557 0.1314249 0.3432350 0.1386584 0.2267540 0.1427132 0.1356253 0.8004471 0.1351177 0.1327526 0.1476804 0.2356029 0.1445962 0.1442813 0.1349966 0.1303134 0.1480353 
Callimico_goeldii           0.0527881 0.0513025 0.0496128 0.0498916 0.0465121 0.0481343 0.0493833 0.0480687 0.0498897 0.0484369 0.0500211 0.0484693 0.0500314 0.0529929 0.0501473 0.0546165 0.0634314 0.0746053 0.0670698 0.0000000 0.0202851 0.0179215 0.0198680 0.0199292 0.0198680 0.0212784 0.0414928 0.0473231 0.0409624 0.0590172 0.0619321 0.0590632 0.0470914 0.0235360 0.0220650 0.0235178 0.0239160 0.0239160 0.0212228 0.0226001 0.0530622 0.0543601 0.0683407 0.0698598 0.0698598 0.0697970 0.0793361 0.0697970 0.0668754 0.0234881 0.0211950 0.0226871 0.0240035 0.0192499 0.0238591 0.0220789 0.0297507 0.0220677 0.0220632 0.0206481 0.0525060 0.0540003 0.0551060 0.0431710 0.0396748 0.1219866 0.1223698 0.2125598 0.1204773 0.1197171 0.1213870 0.1376261 0.1213870 0.1331431 0.1278836 0.1888249 0.1236558 0.3162911 0.1305838 0.2034296 0.1385707 0.1282255 0.7867543 0.1325244 0.1233080 0.1421461 0.2117578 0.1355210 0.1369527 0.1306280 0.1208997 0.1406503 
Callithrix_aurita           0.0660674 0.0643988 0.0590331 0.0628374 0.0556959 0.0556490 0.0588810 0.0555663 0.0611934 0.0595751 0.0611934 0.0596182 0.0613817 0.0611024 0.0579782 0.0663980 0.0686117 0.0707408 0.0683834 0.0202851 0.0000000 0.0056252 0.0070442 0.0070442 0.0070442 0.0128176 0.0478024 0.0525634 0.0478999 0.0646731 0.0678762 0.0665078 0.0597988 0.0274828 0.0260071 0.0275420 0.0260622 0.0260622 0.0113377 0.0127859 0.0565908 0.0596189 0.0713397 0.0729987 0.0729987 0.0729273 0.0817076 0.0729273 0.0680688 0.0290124 0.0260714 0.0276487 0.0292359 0.0245379 0.0304689 0.0290184 0.0345344 0.0275113 0.0260287 0.0260104 0.0590965 0.0607509 0.0609401 0.0514389 0.0481495 0.1231347 0.1298319 0.1946704 0.1197626 0.1227940 0.1245834 0.1464142 0.1245834 0.1356946 0.1274298 0.1939034 0.1212798 0.2952943 0.1306429 0.1849485 0.1399735 0.1302683 0.8484234 0.1350077 0.1246559 0.1493435 0.2074959 0.1419739 0.1435368 0.1328864 0.1202220 0.1476253 
Callithrix_geoffroyi        0.0612482 0.0596728 0.0561634 0.0581905 0.0514788 0.0514367 0.0544937 0.0513633 0.0566366 0.0551058 0.0566366 0.0551434 0.0568032 0.0581200 0.0551494 0.0615380 0.0664732 0.0739279 0.0697216 0.0179215 0.0056252 0.0000000 0.0013340 0.0013340 0.0013340 0.0108486 0.0454901 0.0500095 0.0455776 0.0630257 0.0660729 0.0647515 0.0553015 0.0248136 0.0234099 0.0248645 0.0234208 0.0234208 0.0094630 0.0108400 0.0553457 0.0566941 0.0693619 0.0709385 0.0709385 0.0708724 0.0807825 0.0708724 0.0678419 0.0262233 0.0248334 0.0279121 0.0292853 0.0219766 0.0276090 0.0262285 0.0327644 0.0247997 0.0247947 0.0233763 0.0564311 0.0580054 0.0581778 0.0489219 0.0458034 0.1316524 0.1360973 0.2132005 0.1303636 0.1293307 0.1309696 0.1483257 0.1309696 0.1435986 0.1357119 0.1924889 0.1318113 0.3141566 0.1411742 0.2038917 0.1423410 0.1385143 0.8092945 0.1429079 0.1310337 0.1511426 0.2137282 0.1440620 0.1455562 0.1409913 0.1308390 0.1494795 
Callithrix_jacchus          0.0615059 0.0599953 0.0582471 0.0585743 0.0521298 0.0520891 0.0550232 0.0520184 0.0570840 0.0556156 0.0572349 0.0556526 0.0572451 0.0600428 0.0571861 0.0617854 0.0683154 0.0757176 0.0713198 0.0198680 0.0070442 0.0013340 0.0000000 0.0000010 0.0000010 0.0116995 0.0470672 0.0515276 0.0464652 0.0632111 0.0661315 0.0648654 0.0573376 0.0262378 0.0247603 0.0262175 0.0251510 0.0251510 0.0103686 0.0116906 0.0558479 0.0571394 0.0725822 0.0741060 0.0741060 0.0740394 0.0836257 0.0740394 0.0711149 0.0275737 0.0265106 0.0294857 0.0308027 0.0233263 0.0291779 0.0275792 0.0343918 0.0261494 0.0261441 0.0247250 0.0584504 0.0599679 0.0597361 0.0503726 0.0467357 0.1287492 0.1329698 0.2190165 0.1274770 0.1265136 0.1281120 0.1446233 0.1281120 0.1401434 0.1330386 0.1973661 0.1306785 0.3224186 0.1378593 0.2121045 0.1388991 0.1352602 0.8092945 0.1394960 0.1302085 0.1472852 0.2173269 0.1405753 0.1420056 0.1376411 0.1279223 0.1457351 
Callithrix_kuhlii           0.0617046 0.0601887 0.0584338 0.0587631 0.0522953 0.0522543 0.0551984 0.0521832 0.0572668 0.0557945 0.0574196 0.0558316 0.0574298 0.0601405 0.0572798 0.0619852 0.0683154 0.0757176 0.0714387 0.0199292 0.0070442 0.0013340 0.0000010 0.0000000 0.0000010 0.0117348 0.0470672 0.0515276 0.0466121 0.0634163 0.0663465 0.0649725 0.0575230 0.0262378 0.0247603 0.0262175 0.0252282 0.0252282 0.0103998 0.0117258 0.0559394 0.0573238 0.0728205 0.0743496 0.0743496 0.0742826 0.0839036 0.0742826 0.0713483 0.0275737 0.0265921 0.0295323 0.0308983 0.0233263 0.0292235 0.0275792 0.0343918 0.0261494 0.0261441 0.0247250 0.0570683 0.0585832 0.0597361 0.0503726 0.0468844 0.1292015 0.1334404 0.2204672 0.1279315 0.1269612 0.1285598 0.1451373 0.1285598 0.1406372 0.1335152 0.1986321 0.1311445 0.3224186 0.1383654 0.2134797 0.1393948 0.1357413 0.8092945 0.1399858 0.1306648 0.1478122 0.2187521 0.1410721 0.1425068 0.1381280 0.1283797 0.1462515 
Callithrix_penicillata      0.0615059 0.0599953 0.0582471 0.0585743 0.0521298 0.0520891 0.0550232 0.0520184 0.0570840 0.0556156 0.0572349 0.0556526 0.0572451 0.0600428 0.0571861 0.0617854 0.0683154 0.0757176 0.0713198 0.0198680 0.0070442 0.0013340 0.0000010 0.0000010 0.0000000 0.0116995 0.0470672 0.0515276 0.0464652 0.0632111 0.0661315 0.0648654 0.0573376 0.0262378 0.0247603 0.0262175 0.0251510 0.0251510 0.0103686 0.0116906 0.0558479 0.0571394 0.0725822 0.0741060 0.0741060 0.0740394 0.0836257 0.0740394 0.0711149 0.0275737 0.0265106 0.0294857 0.0308027 0.0233263 0.0291779 0.0275792 0.0343918 0.0261494 0.0261441 0.0247250 0.0584504 0.0599679 0.0597361 0.0503726 0.0467357 0.1287492 0.1329698 0.2190165 0.1274770 0.1265136 0.1281120 0.1446233 0.1281120 0.1401434 0.1330386 0.1973661 0.1306785 0.3224186 0.1378593 0.2121045 0.1388991 0.1352602 0.8092945 0.1394960 0.1302085 0.1472852 0.2173269 0.1405753 0.1420056 0.1376411 0.1279223 0.1457351 
Cebuella_pygmaea            0.0631524 0.0616332 0.0598696 0.0602068 0.0537137 0.0536718 0.0566220 0.0535988 0.0587087 0.0572330 0.0588644 0.0572711 0.0588747 0.0616835 0.0588147 0.0634408 0.0723413 0.0760664 0.0699584 0.0212784 0.0128176 0.0108486 0.0116995 0.0117348 0.0116995 0.0000000 0.0486464 0.0531776 0.0480219 0.0618629 0.0647838 0.0665386 0.0589707 0.0291324 0.0276371 0.0291098 0.0265809 0.0265809 0.0077628 0.0090767 0.0604523 0.0617437 0.0712243 0.0727474 0.0727474 0.0726820 0.0822575 0.0726820 0.0697568 0.0290729 0.0265724 0.0309497 0.0322709 0.0248015 0.0306261 0.0290787 0.0378264 0.0276404 0.0276347 0.0262073 0.0615032 0.0630328 0.0629387 0.0519813 0.0483029 0.1273181 0.1315290 0.2087957 0.1260246 0.1233150 0.1266881 0.1443329 0.1266881 0.1387100 0.1333772 0.1981695 0.1292263 0.3237187 0.1363657 0.2061182 0.1369655 0.1356007 0.8346467 0.1380676 0.1287811 0.1453236 0.2144765 0.1386561 0.1400848 0.1379843 0.1264659 0.1437965 
Cebus_albifrons             0.0499657 0.0484859 0.0482561 0.0470764 0.0408533 0.0424401 0.0436973 0.0423824 0.0454991 0.0411842 0.0456183 0.0440882 0.0456287 0.0483959 0.0471655 0.0576464 0.0605211 0.0680929 0.0656765 0.0414928 0.0478024 0.0454901 0.0470672 0.0470672 0.0470672 0.0486464 0.0000000 0.0066782 0.0025863 0.0590722 0.0619908 0.0637258 0.0500859 0.0439132 0.0423292 0.0438777 0.0455489 0.0455489 0.0485194 0.0500199 0.0546780 0.0559780 0.0684085 0.0699298 0.0699298 0.0698668 0.0794207 0.0698668 0.0684814 0.0438209 0.0412245 0.0415660 0.0429186 0.0393931 0.0439944 0.0438293 0.0463514 0.0423340 0.0423249 0.0408433 0.0453194 0.0467914 0.0483992 0.0118667 0.0091917 0.1174825 0.1216031 0.2096584 0.1214344 0.1151790 0.1169047 0.1332109 0.1169047 0.1323126 0.1252731 0.1968537 0.1228322 0.3135190 0.1316565 0.2117969 0.1272889 0.1256414 0.8773068 0.1316933 0.1189977 0.1357861 0.2135981 0.1309621 0.1306815 0.1245947 0.1218632 0.1343523 
Cebus_capucinus             0.0561258 0.0545800 0.0526594 0.0531173 0.0465711 0.0482457 0.0495341 0.0481779 0.0514588 0.0469607 0.0514588 0.0499922 0.0516094 0.0529159 0.0516577 0.0641744 0.0623275 0.0698490 0.0708407 0.0473231 0.0525634 0.0500095 0.0515276 0.0515276 0.0515276 0.0531776 0.0066782 0.0000000 0.0040014 0.0656572 0.0686954 0.0705277 0.0546917 0.0484096 0.0469363 0.0485113 0.0515149 0.0515149 0.0530354 0.0545975 0.0610796 0.0624150 0.0719823 0.0735555 0.0735555 0.0734873 0.0833872 0.0734873 0.0720612 0.0484480 0.0470067 0.0474069 0.0488055 0.0439632 0.0498804 0.0484572 0.0480429 0.0469415 0.0469312 0.0454302 0.0512470 0.0527857 0.0529402 0.0136078 0.0108290 0.1233974 0.1277172 0.2197463 0.1276191 0.1192416 0.1227675 0.1397856 0.1227675 0.1388128 0.1274103 0.2093690 0.1290593 0.3195322 0.1382558 0.2210287 0.1336640 0.1319479 0.8580546 0.1381466 0.1228749 0.1425037 0.2311923 0.1374220 0.1371154 0.1308106 0.1280824 0.1409493 
Cebus_olivaceus             0.0493251 0.0478654 0.0476414 0.0464743 0.0403387 0.0419028 0.0431459 0.0418465 0.0448501 0.0405992 0.0449660 0.0434594 0.0449760 0.0477030 0.0464886 0.0568985 0.0606595 0.0682431 0.0648130 0.0409624 0.0478999 0.0455776 0.0464652 0.0466121 0.0464652 0.0480219 0.0025863 0.0040014 0.0000000 0.0583054 0.0611850 0.0628935 0.0493651 0.0439974 0.0424102 0.0439618 0.0449679 0.0449679 0.0478981 0.0493780 0.0539705 0.0552548 0.0675100 0.0690101 0.0690101 0.0689488 0.0783650 0.0689488 0.0675818 0.0439048 0.0407009 0.0410338 0.0423696 0.0394686 0.0434354 0.0439133 0.0464524 0.0424149 0.0424058 0.0409213 0.0462393 0.0476986 0.0484926 0.0092079 0.0064657 0.1158412 0.1198923 0.2077633 0.1197056 0.1118508 0.1152802 0.1313288 0.1152802 0.1304545 0.1215168 0.1964460 0.1228649 0.3137651 0.1297273 0.2111151 0.1254848 0.1236490 0.8698673 0.1298504 0.1173393 0.1338549 0.2162613 0.1288992 0.1288477 0.1226344 0.1201233 0.1324597 
Cheracebus_lugens           0.0497899 0.0483159 0.0480878 0.0469116 0.0581832 0.0598846 0.0611215 0.0598024 0.0468883 0.0454465 0.0470111 0.0454766 0.0470215 0.0527085 0.0529424 0.0294263 0.0357822 0.0120427 0.0157871 0.0590172 0.0646731 0.0630257 0.0632111 0.0634163 0.0632111 0.0618629 0.0590722 0.0656572 0.0583054 0.0000000 0.0025656 0.0420674 0.0514797 0.0644687 0.0627487 0.0644134 0.0646235 0.0646235 0.0617048 0.0632523 0.0363848 0.0348710 0.0157451 0.0144091 0.0144091 0.0143970 0.0225275 0.0143970 0.0130946 0.0597221 0.0542665 0.0606349 0.0590100 0.0581716 0.0585657 0.0628458 0.0733418 0.0612659 0.0581504 0.0596891 0.0661026 0.0646449 0.0662779 0.0595399 0.0556959 0.1186439 0.1203901 0.2049216 0.1227723 0.1160309 0.1163080 0.1415474 0.1163080 0.1283128 0.1247450 0.1893018 0.1259698 0.3189181 0.1330062 0.2080516 0.1337570 0.1245095 0.7850123 0.1242988 0.1219219 0.1403843 0.2165160 0.1373857 0.1370897 0.1240789 0.1232038 0.1407920 
Cheracebus_torquatus        0.0497294 0.0482575 0.0480300 0.0468550 0.0610575 0.0627760 0.0640080 0.0626897 0.0497311 0.0482833 0.0498616 0.0483152 0.0498720 0.0555778 0.0558242 0.0321576 0.0391167 0.0150845 0.0184514 0.0619321 0.0678762 0.0660729 0.0661315 0.0663465 0.0661315 0.0647838 0.0619908 0.0686954 0.0611850 0.0025656 0.0000000 0.0448586 0.0543555 0.0675177 0.0657826 0.0674595 0.0675465 0.0675465 0.0646183 0.0661750 0.0391485 0.0376189 0.0184027 0.0170597 0.0170597 0.0170455 0.0252220 0.0170455 0.0157414 0.0627449 0.0571458 0.0635603 0.0619238 0.0611873 0.0614576 0.0658834 0.0768247 0.0642954 0.0611648 0.0627101 0.0690310 0.0675688 0.0693452 0.0624823 0.0585809 0.1184822 0.1202257 0.2049216 0.1226012 0.1158721 0.1161506 0.1413493 0.1161506 0.1281369 0.1245707 0.1893018 0.1257940 0.3189181 0.1328147 0.2080516 0.1335700 0.1208951 0.8086401 0.1241296 0.1217555 0.1401873 0.2165160 0.1371949 0.1368998 0.1239085 0.1230316 0.1405959 
Chiropotes_chiropotes       0.0556947 0.0542004 0.0510243 0.0527858 0.0626961 0.0644289 0.0656616 0.0643396 0.0557070 0.0542402 0.0558543 0.0542761 0.0558641 0.0601421 0.0574225 0.0156155 0.0125260 0.0507912 0.0509302 0.0590632 0.0665078 0.0647515 0.0648654 0.0649725 0.0648654 0.0665386 0.0637258 0.0705277 0.0628935 0.0420674 0.0448586 0.0000000 0.0605069 0.0661903 0.0644574 0.0661332 0.0632692 0.0632692 0.0663686 0.0679366 0.0321890 0.0335238 0.0537854 0.0523188 0.0523188 0.0522732 0.0612854 0.0522732 0.0465758 0.0660441 0.0617722 0.0635863 0.0650570 0.0613471 0.0645058 0.0660560 0.0752380 0.0644636 0.0644488 0.0628742 0.0783459 0.0799411 0.0823449 0.0656571 0.0616819 0.1188772 0.1220197 0.2257294 0.1228713 0.1162621 0.1199318 0.1418074 0.1199318 0.1318573 0.1283520 0.2129031 0.1260685 0.3319527 0.1294973 0.2323597 0.1355482 0.1282128 0.7978588 0.1278090 0.1220188 0.1406440 0.2412979 0.1376405 0.1373436 0.1310971 0.1233030 0.1410501 
Lagothrix_lagotricha        0.0337951 0.0323824 0.0294528 0.0310143 0.0509027 0.0511507 0.0538024 0.0524847 0.0210885 0.0197430 0.0211414 0.0197557 0.0211481 0.0224848 0.0253293 0.0515349 0.0595375 0.0654876 0.0638120 0.0470914 0.0597988 0.0553015 0.0573376 0.0575230 0.0573376 0.0589707 0.0500859 0.0546917 0.0493651 0.0514797 0.0543555 0.0605069 0.0000000 0.0460494 0.0444320 0.0460114 0.0528320 0.0528320 0.0588187 0.0588187 0.0544994 0.0528432 0.0636372 0.0621182 0.0621182 0.0620629 0.0714201 0.0620629 0.0591153 0.0429418 0.0440909 0.0503108 0.0516707 0.0444370 0.0468694 0.0474722 0.0592135 0.0474479 0.0444205 0.0459193 0.0527655 0.0542691 0.0538001 0.0534420 0.0497319 0.1049311 0.1019405 0.2029337 0.1067719 0.1025851 0.1011282 0.1183389 0.1011282 0.1210225 0.1115956 0.1794003 0.1117106 0.2977772 0.1165695 0.1938661 0.1161383 0.1138761 0.8392071 0.1167887 0.1113465 0.1277447 0.2020613 0.1191748 0.1194277 0.1146450 0.1089510 0.1229927 
Leontocebus_fuscicollis     0.0564955 0.0549391 0.0514974 0.0534670 0.0498726 0.0515802 0.0528731 0.0515066 0.0519298 0.0504152 0.0519298 0.0504490 0.0520826 0.0533992 0.0504535 0.0598606 0.0645954 0.0756440 0.0711794 0.0235360 0.0274828 0.0248136 0.0262378 0.0262378 0.0262378 0.0291324 0.0439132 0.0484096 0.0439974 0.0644687 0.0675177 0.0661903 0.0460494 0.0000000 0.0013335 0.0026752 0.0276227 0.0276227 0.0262069 0.0276508 0.0536899 0.0581185 0.0708130 0.0723913 0.0723913 0.0723238 0.0822513 0.0723238 0.0692925 0.0094388 0.0094449 0.0122847 0.0136386 0.0067172 0.0107896 0.0094407 0.0152389 0.0080763 0.0094307 0.0067172 0.0532132 0.0547711 0.0549330 0.0473145 0.0442150 0.1259862 0.1285657 0.2246237 0.1246189 0.1236389 0.1253377 0.1424852 0.1253377 0.1414987 0.1299934 0.1961053 0.1260668 0.3097350 0.1334210 0.2075764 0.1402165 0.1327314 0.8257135 0.1408176 0.1254064 0.1489862 0.2135271 0.1419541 0.1434466 0.1352245 0.1250743 0.1473495 
Leontocebus_weddelli        0.0548272 0.0532801 0.0498689 0.0518142 0.0482557 0.0499479 0.0512393 0.0498776 0.0502856 0.0487793 0.0502856 0.0488128 0.0504337 0.0517487 0.0488157 0.0581645 0.0628189 0.0739129 0.0694132 0.0220650 0.0260071 0.0234099 0.0247603 0.0247603 0.0247603 0.0276371 0.0423292 0.0469363 0.0424102 0.0627487 0.0657826 0.0644574 0.0444320 0.0013335 0.0000000 0.0013325 0.0261395 0.0261395 0.0247311 0.0261660 0.0520288 0.0564378 0.0690564 0.0706260 0.0706260 0.0705604 0.0804250 0.0705604 0.0675432 0.0080594 0.0080641 0.0108777 0.0122275 0.0053532 0.0094048 0.0080611 0.0136978 0.0067045 0.0080525 0.0053532 0.0515690 0.0531169 0.0534309 0.0456980 0.0426187 0.1238565 0.1264108 0.2196443 0.1224629 0.1215045 0.1232220 0.1402562 0.1232220 0.1392881 0.1278360 0.1915564 0.1239078 0.3034610 0.1311630 0.2028956 0.1379818 0.1305442 0.8257135 0.1386180 0.1232922 0.1467065 0.2087371 0.1397346 0.1412233 0.1330382 0.1229098 0.1450997 
Leontocebus_fuscus          0.0564481 0.0548932 0.0514556 0.0534224 0.0498317 0.0515375 0.0528291 0.0514647 0.0518867 0.0503734 0.0518867 0.0504081 0.0520386 0.0533555 0.0504116 0.0598097 0.0647559 0.0758247 0.0711172 0.0235178 0.0275420 0.0248645 0.0262175 0.0262175 0.0262175 0.0291098 0.0438777 0.0485113 0.0439618 0.0644134 0.0674595 0.0661332 0.0460114 0.0026752 0.0013325 0.0000000 0.0276013 0.0276013 0.0261867 0.0276294 0.0536449 0.0580695 0.0707514 0.0723281 0.0723281 0.0722608 0.0821777 0.0722608 0.0692324 0.0094318 0.0094379 0.0122755 0.0136284 0.0067122 0.0107816 0.0094337 0.0152736 0.0080703 0.0094237 0.0067122 0.0531690 0.0547253 0.0550497 0.0472756 0.0441789 0.1258595 0.1284351 0.2192067 0.1244919 0.1235141 0.1252124 0.1423370 0.1252124 0.1413527 0.1298614 0.1911806 0.1259383 0.3028439 0.1332795 0.2024984 0.1400701 0.1325950 0.8257135 0.1406730 0.1252812 0.1488286 0.2083254 0.1418071 0.1432979 0.1350858 0.1249464 0.1471954 
Leontopithecus_chrysomelas  0.0599335 0.0584300 0.0566953 0.0570133 0.0448788 0.0464833 0.0477287 0.0464202 0.0526000 0.0540670 0.0527383 0.0541029 0.0556859 0.0555282 0.0497735 0.0602046 0.0702638 0.0812076 0.0727533 0.0239160 0.0260622 0.0234208 0.0251510 0.0252282 0.0251510 0.0265809 0.0455489 0.0515149 0.0449679 0.0646235 0.0675465 0.0632692 0.0528320 0.0276227 0.0261395 0.0276013 0.0000000 0.0000010 0.0237912 0.0251693 0.0572431 0.0585324 0.0740132 0.0755391 0.0755391 0.0754712 0.0850764 0.0754712 0.0725450 0.0247351 0.0251122 0.0280638 0.0293780 0.0233202 0.0277712 0.0275721 0.0328233 0.0261426 0.0261373 0.0247186 0.0553622 0.0568655 0.0581081 0.0488287 0.0452286 0.1234104 0.1275665 0.2220611 0.1186149 0.1177282 0.1228039 0.1426559 0.1228039 0.1347212 0.1294894 0.1936531 0.1217841 0.3159149 0.1286378 0.2082683 0.1369397 0.1298162 0.8076697 0.1340966 0.1248735 0.1488683 0.2122848 0.1386304 0.1400591 0.1322115 0.1190308 0.1437704 
Leontopithecus_rosalia      0.0599335 0.0584300 0.0566953 0.0570133 0.0448788 0.0464833 0.0477287 0.0464202 0.0526000 0.0540670 0.0527383 0.0541029 0.0556859 0.0555282 0.0497735 0.0602046 0.0702638 0.0812076 0.0727533 0.0239160 0.0260622 0.0234208 0.0251510 0.0252282 0.0251510 0.0265809 0.0455489 0.0515149 0.0449679 0.0646235 0.0675465 0.0632692 0.0528320 0.0276227 0.0261395 0.0276013 0.0000010 0.0000000 0.0237912 0.0251693 0.0572431 0.0585324 0.0740132 0.0755391 0.0755391 0.0754712 0.0850764 0.0754712 0.0725450 0.0247351 0.0251122 0.0280638 0.0293780 0.0233202 0.0277712 0.0275721 0.0328233 0.0261426 0.0261373 0.0247186 0.0553622 0.0568655 0.0581081 0.0488287 0.0452286 0.1234104 0.1275665 0.2220611 0.1186149 0.1177282 0.1228039 0.1426559 0.1228039 0.1347212 0.1294894 0.1936531 0.1217841 0.3159149 0.1286378 0.2082683 0.1369397 0.1298162 0.8076697 0.1340966 0.1248735 0.1488683 0.2122848 0.1386304 0.1400591 0.1322115 0.1190308 0.1437704 
Mico_argentatus             0.0629913 0.0614752 0.0597169 0.0600525 0.0506816 0.0506418 0.0535672 0.0505732 0.0585580 0.0570858 0.0587129 0.0571229 0.0587230 0.0615257 0.0557067 0.0632780 0.0683892 0.0722460 0.0697796 0.0212228 0.0113377 0.0094630 0.0103686 0.0103998 0.0103686 0.0077628 0.0485194 0.0530354 0.0478981 0.0617048 0.0646183 0.0663686 0.0588187 0.0262069 0.0247311 0.0261867 0.0237912 0.0237912 0.0000000 0.0012816 0.0602968 0.0615858 0.0710431 0.0725627 0.0725627 0.0724976 0.0820508 0.0724976 0.0695789 0.0289942 0.0265030 0.0308686 0.0321866 0.0247341 0.0305463 0.0290000 0.0311904 0.0275655 0.0275598 0.0261363 0.0554404 0.0599050 0.0596704 0.0518449 0.0481776 0.1304775 0.1347180 0.2154202 0.1292286 0.1230264 0.1298304 0.1499748 0.1298304 0.1418964 0.1348083 0.1939416 0.1324361 0.3179422 0.1396814 0.2085988 0.1442449 0.1370211 0.8758432 0.1412418 0.1319350 0.1526859 0.2100859 0.1458766 0.1473074 0.1393969 0.1296796 0.1510763 
Mico_humeralifer            0.0645378 0.0630151 0.0612447 0.0615893 0.0521695 0.0521287 0.0550654 0.0520579 0.0585580 0.0570858 0.0587129 0.0571229 0.0587230 0.0615257 0.0557067 0.0648329 0.0702936 0.0740853 0.0713668 0.0226001 0.0127859 0.0108400 0.0116906 0.0117258 0.0116906 0.0090767 0.0500199 0.0545975 0.0493780 0.0632523 0.0661750 0.0679366 0.0588187 0.0276508 0.0261660 0.0276294 0.0251693 0.0251693 0.0012816 0.0000000 0.0618402 0.0631300 0.0726311 0.0741562 0.0741562 0.0740895 0.0836841 0.0740895 0.0711626 0.0304459 0.0278907 0.0322833 0.0336033 0.0261691 0.0319458 0.0304519 0.0328361 0.0290114 0.0290054 0.0275761 0.0569556 0.0614380 0.0612716 0.0533690 0.0496672 0.1323318 0.1365966 0.2192913 0.1311071 0.1248669 0.1316737 0.1519049 0.1316737 0.1437846 0.1348083 0.1975960 0.1343233 0.3188996 0.1416431 0.2123609 0.1461687 0.1370211 0.9023323 0.1431218 0.1337883 0.1546358 0.2138865 0.1458766 0.1492175 0.1393969 0.1315646 0.1530035 
Pithecia_irrorata           0.0527083 0.0512248 0.0480811 0.0498159 0.0567311 0.0584242 0.0596631 0.0583441 0.0526629 0.0512069 0.0542465 0.0512400 0.0528680 0.0571239 0.0544112 0.0267031 0.0241534 0.0424452 0.0436844 0.0530622 0.0565908 0.0553457 0.0558479 0.0559394 0.0558479 0.0604523 0.0546780 0.0610796 0.0539705 0.0363848 0.0391485 0.0321890 0.0544994 0.0536899 0.0520288 0.0536449 0.0572431 0.0572431 0.0602968 0.0618402 0.0000000 0.0038496 0.0450604 0.0464897 0.0464897 0.0464492 0.0553322 0.0464492 0.0408127 0.0505165 0.0469718 0.0516113 0.0530509 0.0489934 0.0496810 0.0535837 0.0609342 0.0520344 0.0489762 0.0504890 0.0660931 0.0676432 0.0694251 0.0565208 0.0527414 0.1153949 0.1172688 0.2271974 0.1188088 0.1127724 0.1130857 0.1381939 0.1130857 0.1281760 0.1246093 0.2073528 0.1219817 0.3436194 0.1288489 0.2267396 0.1319479 0.1245195 0.8442402 0.1241671 0.1183968 0.1370232 0.2267623 0.1340615 0.1337737 0.1273981 0.1192257 0.1374556 
Pithecia_pithecia           0.0539964 0.0525138 0.0493671 0.0511074 0.0580114 0.0597066 0.0609404 0.0596251 0.0510293 0.0495816 0.0525993 0.0496148 0.0512264 0.0555480 0.0557932 0.0252481 0.0240559 0.0439137 0.0464690 0.0543601 0.0596189 0.0566941 0.0571394 0.0573238 0.0571394 0.0617437 0.0559780 0.0624150 0.0552548 0.0348710 0.0376189 0.0335238 0.0528432 0.0581185 0.0564378 0.0580695 0.0585324 0.0585324 0.0615858 0.0631300 0.0038496 0.0000000 0.0434857 0.0449061 0.0449061 0.0448674 0.0536883 0.0448674 0.0392637 0.0549180 0.0511811 0.0559514 0.0573087 0.0533861 0.0539726 0.0580030 0.0641914 0.0564437 0.0533674 0.0548879 0.0613858 0.0629140 0.0644558 0.0578274 0.0540321 0.1132901 0.1151499 0.2184320 0.1171428 0.1106718 0.1110070 0.1359317 0.1110070 0.1259996 0.1224070 0.1991146 0.1203118 0.3316932 0.1271229 0.2181357 0.1297156 0.1223463 0.8670006 0.1220250 0.1162817 0.1347605 0.2181184 0.1318349 0.1315538 0.1252136 0.1175544 0.1352077 
