149
Alouatta_belzebul            0.0000000 0.0850624 0.0212767 0.0677704 0.0759528 0.0778085 0.0853120 0.1011443 0.0832273 0.0789213 0.3039590 0.3051740 0.2834314 0.2776645 0.2833985 0.2725500 0.3348707 0.3302560 0.2350039 0.2395694 0.2223669 0.2298225 0.2625655 0.2395694 0.2264380 0.2608664 0.3041134 0.3216670 0.3231655 0.3377218 0.3171407 0.2924682 0.3082563 0.3360981 0.3440247 0.3640513 0.3472718 0.3523853 0.3762168 0.3574323 0.3245676 0.3866907 0.2976533 0.3523637 0.3119558 0.3579918 0.3249347 0.3168028 0.3380646 0.3326158 0.3393247 0.3344133 0.3498279 0.3452967 0.3399861 0.3509831 0.2791838 0.2681669 0.3579817 0.3613300 0.3571665 0.5921038 0.3987924 0.3982976 0.3513528 0.3661346 0.3683205 0.3475679 0.4486600 0.3915048 0.2903890 0.3131938 0.3016157 0.2948915 0.3043639 0.3610043 0.2959552 0.2983484 0.3116661 0.3163296 0.2869513 0.2739504 0.3029820 0.3047393 0.3075901 0.3382336 0.2877006 0.2944990 0.4347813 0.3502654 0.3888593 0.3479223 0.3778640 0.3673303 0.3277536 0.3216066 0.3215200 0.3168250 0.3265236 0.3264846 0.3432038 0.3328321 0.3379976 0.3379976 0.3446508 0.3442850 0.3388587 0.4268360 2.0198720 1.8866142 1.8932916 2.2232655 1.9060189 1.9513103 1.8549100 2.2715453 2.3253539 2.2427477 2.4080613 2.1539970 2.0830436 1.8678808 2.0221012 2.7394467 2.1301370 3.3151335 2.0134099 2.0149901 2.6873181 2.3691473 1.8641116 3.2996670 2.0105171 2.1080187 2.0957384 2.1674209 2.2377440 2.0442443 2.3641846 2.3339449 2.1452114 1.9462049 2.0633343 2.4775647 1.8877678 2.0613042 2.2540661 2.1840889 2.4058893 
Alouatta_caraya              0.0850624 0.0000000 0.0748672 0.0838411 0.0567715 0.0600602 0.0671764 0.1061574 0.0588289 0.0733917 0.3256374 0.3471634 0.3043607 0.2982186 0.3126776 0.2947641 0.3354409 0.3307173 0.2720718 0.2725246 0.2302154 0.2459358 0.2698642 0.2725246 0.2267745 0.2611391 0.3202814 0.3107114 0.3235740 0.3381492 0.3290246 0.3015106 0.3197993 0.3067587 0.4081791 0.3471197 0.3436435 0.3384554 0.3627882 0.3436007 0.3824436 0.3902453 0.3049590 0.3544431 0.2865470 0.3556421 0.2937825 0.2912777 0.3259154 0.3128854 0.3290539 0.3048056 0.3203331 0.3316354 0.3503977 0.3493580 0.2680139 0.2567066 0.3758119 0.3416884 0.3643716 0.6662535 0.4786704 0.4899451 0.3634392 0.3895528 0.3811703 0.3865595 0.4081145 0.4094253 0.3395785 0.3609611 0.3506230 0.3392326 0.3491326 0.4099260 0.3446610 0.2784033 0.3187295 0.3106760 0.2793072 0.2802198 0.3703221 0.3117686 0.3118774 0.3703529 0.3014806 0.2888116 0.4296927 0.3391363 0.4196560 0.3761957 0.4346620 0.4353031 0.3140797 0.3070997 0.3095086 0.2925547 0.3049151 0.3147319 0.3360136 0.3129532 0.3180400 0.3180400 0.3246283 0.3242256 0.3292052 0.3755671 2.1280960 2.0125847 1.9309925 2.1866416 1.9862838 1.9681523 2.0174786 2.1542074 2.1989601 2.2445181 2.4177211 2.1883184 2.1002649 1.7740911 1.9332749 2.5955950 2.1672179 3.2794492 2.1336487 2.0066901 2.5662430 2.3786683 1.7963701 3.1256197 2.0623508 2.0768453 2.0949585 2.1175687 2.2690478 1.9699777 2.2722654 2.3705850 2.1922747 1.8697875 2.1346876 2.5475751 1.8625962 2.0961866 2.2136411 2.1637323 2.3466510 
Alouatta_discolor            0.0212767 0.0748672 0.0000000 0.0609467 0.0814615 0.0810416 0.0887142 0.1074277 0.0835986 0.0840851 0.2985617 0.3211740 0.2895018 0.2836993 0.2918246 0.2612173 0.3411747 0.3365413 0.2346526 0.2314780 0.2220357 0.2294787 0.2522289 0.2314780 0.2186970 0.2438547 0.3150171 0.3212707 0.3227686 0.3373303 0.3167429 0.2920727 0.3282048 0.3175725 0.3463388 0.3348231 0.3417462 0.3367096 0.3603427 0.3417047 0.3168297 0.3528688 0.2902398 0.3187905 0.2830027 0.3243924 0.2954597 0.2877184 0.3152056 0.3152088 0.3120049 0.3167715 0.3321583 0.3210430 0.3543028 0.3532548 0.2787928 0.2847880 0.3627705 0.3423258 0.3754745 0.6898036 0.4125570 0.4231587 0.3331066 0.3515829 0.3496470 0.3442636 0.4481411 0.3767912 0.2924708 0.2909765 0.2918541 0.2922468 0.3017284 0.3391921 0.2862560 0.2858043 0.2965585 0.2982811 0.2795344 0.2688397 0.2975269 0.2993386 0.2899112 0.3199757 0.2919368 0.2770387 0.4310498 0.3475947 0.3747111 0.3347902 0.3937355 0.3436074 0.3202132 0.2968324 0.3086305 0.2921827 0.3137538 0.3137160 0.3300183 0.3120141 0.3170940 0.3170940 0.3236755 0.3232714 0.3181769 0.3860884 2.0328634 1.8925766 1.8425452 2.2038800 1.9633945 1.9462425 1.9008853 2.2758700 2.3786591 2.2303524 2.3875885 2.1380631 2.0932694 1.8614751 2.0411467 2.7409679 2.1623470 3.2289901 2.0082707 2.0281646 2.6090974 2.3428131 1.8757912 3.2841045 1.9667608 2.1471607 2.1092779 2.1874787 2.2321754 2.0460008 2.3754876 2.3108193 2.1589209 1.9598680 2.1208984 2.4791936 1.8993392 2.0624818 2.2683494 2.2054004 2.3548086 
Alouatta_guariba             0.0677704 0.0838411 0.0609467 0.0000000 0.0627270 0.0735977 0.0757467 0.0974726 0.0747586 0.0678451 0.3117050 0.3306355 0.2928030 0.2868297 0.2927685 0.2932356 0.3175349 0.3222392 0.2344163 0.2427015 0.2386558 0.2369184 0.2624776 0.2427015 0.2429390 0.2692410 0.3054196 0.3142640 0.3157676 0.3305779 0.3096549 0.2823767 0.3112093 0.3273358 0.4300301 0.3410332 0.3495006 0.3546348 0.3682042 0.3597012 0.3368952 0.3729057 0.3230945 0.3978959 0.3335599 0.4036312 0.3370532 0.3386264 0.3849709 0.3641045 0.3410396 0.3360049 0.3517809 0.3258639 0.3769946 0.3758743 0.2860771 0.2704099 0.4022956 0.4011617 0.4013731 0.6544566 0.4703931 0.4550186 0.3472157 0.3637106 0.3494370 0.3484915 0.4201924 0.3760365 0.3113701 0.3298917 0.3201534 0.3210124 0.3210124 0.3904904 0.3142172 0.3068126 0.3252736 0.3074247 0.2904800 0.3007612 0.3298123 0.3284913 0.3129844 0.3435688 0.3170430 0.2999408 0.4450176 0.3547137 0.4071300 0.3742255 0.4275531 0.4276423 0.3298436 0.2962284 0.3127754 0.3037807 0.3054773 0.3054394 0.3262895 0.3534086 0.3587955 0.3587955 0.3549483 0.3653535 0.3701188 0.3999480 2.1030097 1.9310645 1.7642133 2.1106629 1.9789021 1.9496720 1.9500923 2.4265097 2.2090285 2.2856488 2.4506867 2.0582596 2.0449723 1.8229828 1.9923271 2.6267149 2.1769769 3.4838818 2.1693397 2.0896838 2.7186022 2.4814282 1.8117044 3.2745328 1.9727664 2.1161405 2.2569489 2.0712647 2.2921113 2.1293717 2.2572015 2.4815676 2.2626009 1.9511570 2.1947284 2.5801764 1.8429112 1.9940514 2.3784208 2.2673762 2.3011383 
Alouatta_juara               0.0759528 0.0567715 0.0814615 0.0627270 0.0000000 0.0518855 0.0538929 0.1059874 0.0085172 0.0425959 0.3278342 0.3483530 0.3086431 0.3026805 0.3151625 0.2776486 0.3398948 0.3352825 0.2170239 0.2307457 0.1896767 0.2048713 0.2613350 0.2307457 0.2180318 0.2871437 0.2872233 0.3156378 0.3171078 0.3315452 0.3111439 0.2760225 0.2999781 0.2751913 0.3729229 0.3605657 0.3309442 0.3259567 0.3493950 0.3309037 0.3267417 0.3730411 0.2794966 0.3527344 0.3029634 0.3583383 0.2846057 0.3077416 0.3412665 0.3390215 0.3262732 0.3311190 0.3368484 0.3388800 0.3644687 0.3634046 0.2447871 0.2420913 0.4029624 0.4064007 0.3776445 0.5975428 0.4203578 0.4056548 0.3501563 0.3591013 0.3670923 0.3514968 0.4325204 0.3844109 0.3275075 0.3657539 0.3483215 0.3369649 0.3468098 0.4229777 0.3423916 0.2902362 0.3181720 0.3129170 0.2861935 0.2800616 0.3276041 0.3013468 0.3140881 0.3421119 0.2963717 0.3009119 0.4660388 0.3570908 0.3715990 0.3495488 0.4179683 0.4003166 0.3293439 0.3004188 0.3122781 0.3077795 0.2957692 0.3051630 0.3210900 0.3208314 0.3259306 0.3259306 0.3325222 0.3321347 0.3370312 0.3959708 2.0063567 1.9287439 1.8590836 2.1787738 1.9683973 1.9109897 1.9098198 2.2665443 2.2436019 2.2191471 2.4663281 2.2329570 2.1728604 1.8639652 1.9904726 2.7331865 2.1507343 3.3173380 2.0979015 2.0217933 2.7001194 2.3564128 1.8440513 3.2885330 2.0591890 2.0912321 2.1146994 2.1813597 2.2524280 1.9592669 2.3959408 2.3461361 2.1858399 1.9174826 2.1495750 2.4931688 1.8569189 2.1107675 2.2317898 2.1744100 2.5405524 
Alouatta_macconnelli         0.0778085 0.0600602 0.0810416 0.0735977 0.0518855 0.0000000 0.0050669 0.1062129 0.0633784 0.0683408 0.3095525 0.3068988 0.3068497 0.3006437 0.3110792 0.2844284 0.3463578 0.3415383 0.2681376 0.2727609 0.2516950 0.2520564 0.2913836 0.2727609 0.2363578 0.2829062 0.2896553 0.2982613 0.3086068 0.3140618 0.2937702 0.2782172 0.3026462 0.3409526 0.4020664 0.3724191 0.3317084 0.3368308 0.3504272 0.3418896 0.3844787 0.3785271 0.3159538 0.3796150 0.3158031 0.3854425 0.3063553 0.3208602 0.3535048 0.3355764 0.3374468 0.3225787 0.3382652 0.3438331 0.3317237 0.3307205 0.2746718 0.2764454 0.4044106 0.3911835 0.3780328 0.4603947 0.4608432 0.4570067 0.3788183 0.3810070 0.3971180 0.3808347 0.4476990 0.4074534 0.3331816 0.3692006 0.3542821 0.3427979 0.3528207 0.3932864 0.3482462 0.2812538 0.3143080 0.3089243 0.2867549 0.2757639 0.3335629 0.3072669 0.3152058 0.3385634 0.2971155 0.3012343 0.4441149 0.3650820 0.4230714 0.4188805 0.4258298 0.4580359 0.3493440 0.3230729 0.3128286 0.3081266 0.3181092 0.3180695 0.3396772 0.3061869 0.3112948 0.3112948 0.3127886 0.3175034 0.3276677 0.4175724 2.0264052 1.9567458 1.9106104 2.2278738 1.9249387 1.9028220 1.9106274 2.1831659 2.4039547 2.2362671 2.5199422 2.2048610 2.2451960 1.8521582 1.9329544 2.7615913 2.1050491 3.3366581 1.9817362 1.9600664 2.7708212 2.2843664 1.7977546 3.3389179 2.2046499 2.0463624 2.0689075 2.1596898 2.1909911 1.8870176 2.3988086 2.3226298 2.1767303 1.8548100 2.1040288 2.3977304 1.8086510 2.1279052 2.1508477 2.0759891 2.4422227 
Alouatta_nigerrima           0.0853120 0.0671764 0.0887142 0.0757467 0.0538929 0.0050669 0.0000000 0.1091410 0.0654545 0.0704502 0.3105724 0.3081696 0.3078653 0.3016458 0.3120966 0.2853814 0.3474299 0.3426048 0.2627015 0.2672751 0.2387426 0.2388982 0.2965748 0.2672751 0.2410198 0.2881781 0.2926284 0.3125846 0.3140618 0.3195506 0.3080401 0.2811499 0.3056276 0.3368684 0.4032295 0.3843135 0.3430649 0.3482335 0.3619144 0.3533353 0.3967682 0.3904072 0.3142891 0.3669692 0.3141457 0.3728042 0.3047259 0.3191856 0.3651589 0.3317303 0.3335484 0.3187211 0.3344157 0.3401174 0.3374369 0.3364201 0.2799356 0.2817660 0.4056536 0.4035984 0.3903421 0.4972838 0.4621209 0.4582861 0.3746505 0.3758292 0.3928571 0.3820445 0.4496667 0.4022127 0.3292899 0.3522198 0.3503960 0.3388909 0.3488880 0.3707599 0.3443763 0.2870847 0.3204196 0.3049369 0.2830401 0.2815464 0.3295736 0.3032929 0.3213459 0.3345472 0.2933131 0.3072934 0.4454093 0.3771946 0.4243282 0.4200843 0.4271040 0.4705384 0.3611604 0.3114080 0.3139311 0.3092044 0.3065039 0.3064654 0.3276453 0.3072863 0.3124036 0.3124036 0.3138988 0.3186236 0.3287900 0.4126715 2.0129201 1.9614513 1.9155053 2.2537656 1.9297303 1.8894314 1.9152595 2.1685005 2.3989794 2.2221978 2.5329362 2.2099566 2.2503733 1.8659962 1.9287018 2.7985482 2.1099031 3.3301820 2.0044142 1.9648114 2.8002083 2.2998433 1.8114376 3.3457726 2.1902854 2.0511856 2.0737939 2.1745341 2.1960722 1.8736606 2.4148297 2.3278337 2.2007435 1.8597016 2.0997051 2.3928959 1.8221531 2.1133840 2.1364534 2.0618180 2.4260070 
Alouatta_palliata            0.1011443 0.1061574 0.1074277 0.0974726 0.1059874 0.1062129 0.1091410 0.0000000 0.1147797 0.1088656 0.3419869 0.3387531 0.3039144 0.2979587 0.3220418 0.2905948 0.3538510 0.3585859 0.2391589 0.2378462 0.2281036 0.2263130 0.2588593 0.2378462 0.2156151 0.2913998 0.3132679 0.3106156 0.3144988 0.3289310 0.3174322 0.3014310 0.3174343 0.3110593 0.4030497 0.3899817 0.3562369 0.3409475 0.3646897 0.3561941 0.3650919 0.4249982 0.3324870 0.3762461 0.3344681 0.3818579 0.3506477 0.3394136 0.3612899 0.3431897 0.3600527 0.3255369 0.3410032 0.3435309 0.3476065 0.3372234 0.2859923 0.2684957 0.4225293 0.4011618 0.4215937 0.6607182 0.4428597 0.4280112 0.3755676 0.3902526 0.3878553 0.3931803 0.4586188 0.4159581 0.2957681 0.3259549 0.3070395 0.3098819 0.3098819 0.3987747 0.3013151 0.3044445 0.3279965 0.3177786 0.2858587 0.2892227 0.3564705 0.3060849 0.3238959 0.3319218 0.3008517 0.3105693 0.4898028 0.3855731 0.3984165 0.3567328 0.4693754 0.3973750 0.3516631 0.3294997 0.3394820 0.3344554 0.3246806 0.3442620 0.3513838 0.3545752 0.3598359 0.3598359 0.3331147 0.3662383 0.3708804 0.4270520 2.1077877 1.9216873 1.9209292 2.2082892 2.0307067 1.9422831 1.9819492 2.3901755 2.2419685 2.2800351 2.4891054 2.2444526 2.1106517 1.8703121 1.9878281 2.8149142 2.1927398 3.3665048 2.1383764 2.0625689 2.7396701 2.4300090 1.8690706 3.4036999 2.0822541 2.1138698 2.1210116 2.1665076 2.3032451 1.9745068 2.5060724 2.4007530 2.2043384 1.9740897 2.0904696 2.5184987 1.9329334 2.0998126 2.3008172 2.2156139 2.4269303 
Alouatta_seniculus           0.0832273 0.0588289 0.0835986 0.0747586 0.0085172 0.0633784 0.0654545 0.1147797 0.0000000 0.0533789 0.3247226 0.3444051 0.3056205 0.2996651 0.3212217 0.2746111 0.3368653 0.3322525 0.2234926 0.2375162 0.1870263 0.2021444 0.2486122 0.2375162 0.2153142 0.2776598 0.2929264 0.3215956 0.3230937 0.3376476 0.3170701 0.2815644 0.3057889 0.2693609 0.3564602 0.3535894 0.3242893 0.3193379 0.3426320 0.3242495 0.3432463 0.3895975 0.2856253 0.3465790 0.3092969 0.3521878 0.2907841 0.3141188 0.3352532 0.3455886 0.3328167 0.3377028 0.3433931 0.3573738 0.3833405 0.3822358 0.2500130 0.2473291 0.4149626 0.4184103 0.4032540 0.6432770 0.4128907 0.4124098 0.3664677 0.3796340 0.3837684 0.3548912 0.4602771 0.3886006 0.3467488 0.3726328 0.3676542 0.3563410 0.3663666 0.4325343 0.3616160 0.2869701 0.3248246 0.3196223 0.2923032 0.2862838 0.3345213 0.3079315 0.3207295 0.3359903 0.2906271 0.3074550 0.4639169 0.3553126 0.3834340 0.3607191 0.4160026 0.4120480 0.3276737 0.2972265 0.3187772 0.3141459 0.3020068 0.3114875 0.3276663 0.3276468 0.3327905 0.3327905 0.3263364 0.3390503 0.3439058 0.4043855 2.0266154 1.9309099 1.8706942 2.1912887 1.9891922 1.9131862 1.9362196 2.2511698 2.2839632 2.2142843 2.4685858 2.2380267 2.1778649 1.8502722 1.9764723 2.7701480 2.1651096 3.2842500 2.0931600 2.0170211 2.7253056 2.3792270 1.8553077 3.3306640 2.0640929 2.1312105 2.1098144 2.1864139 2.2546457 2.0051621 2.3803683 2.3410098 2.1545840 1.9320127 2.1610331 2.5164499 1.8432425 2.1692839 2.2068315 2.1766629 2.5542238 
Alouatta_puruensis           0.0789213 0.0733917 0.0840851 0.0678451 0.0425959 0.0683408 0.0704502 0.1088656 0.0533789 0.0000000 0.2963683 0.3137234 0.2746836 0.2689961 0.2763112 0.2569344 0.3088969 0.3044065 0.2483319 0.2629519 0.2277759 0.2353272 0.2865794 0.2629519 0.2488490 0.2730577 0.2945545 0.3142424 0.3044575 0.3186629 0.2986163 0.2832129 0.3186285 0.3002333 0.3790588 0.3595459 0.3472718 0.3422189 0.3556723 0.3371026 0.3640513 0.3999889 0.3212427 0.3510745 0.3136226 0.3566712 0.3045929 0.3184533 0.3624969 0.3444029 0.3513183 0.3365461 0.3519519 0.3255093 0.3534490 0.3524093 0.2745843 0.2636098 0.3988921 0.3992358 0.3842474 0.6092571 0.3910526 0.4235788 0.3563746 0.3605564 0.3529386 0.3681906 0.4173225 0.3604334 0.3210805 0.3392135 0.3418525 0.3304878 0.3402692 0.3972864 0.3359632 0.3247675 0.3309047 0.3336950 0.3196059 0.3045298 0.3887618 0.3319852 0.3498140 0.3681686 0.3306160 0.3263111 0.4314777 0.3642865 0.3736526 0.3281509 0.4225342 0.3777118 0.3361985 0.2733766 0.2963355 0.2803942 0.2896525 0.2896173 0.3050032 0.3610483 0.3663166 0.3663166 0.3476057 0.3727286 0.3773053 0.4057974 2.0385666 1.8804950 1.8709394 2.1612946 2.0270759 1.8890539 1.9147564 2.2518961 2.2594400 2.1609226 2.4294001 2.2122583 2.1523936 1.8803950 2.0257677 2.7935043 2.1653631 3.4681056 2.1121786 2.0984103 2.6948634 2.3341917 1.8536840 3.3665396 2.0764654 2.1057645 2.1010309 2.1344185 2.2875158 1.9459776 2.3990118 2.3518130 2.2104770 1.9630351 2.1011167 2.4495902 1.8664429 2.1036303 2.1977174 2.1603759 2.4718759 
Aotus_azarae                 0.3039590 0.3256374 0.2985617 0.3117050 0.3278342 0.3095525 0.3105724 0.3419869 0.3247226 0.2963683 0.0000000 0.0743775 0.0619988 0.0595241 0.0757184 0.0329502 0.0681956 0.0658837 0.2832478 0.3014810 0.2884725 0.2870793 0.2960453 0.3014810 0.2623796 0.2843738 0.3872290 0.3910860 0.3928796 0.3988073 0.3862645 0.3752233 0.3939459 0.2542546 0.3527204 0.3802350 0.3777347 0.3680817 0.3713908 0.3836957 0.3404240 0.3650632 0.3360200 0.3031042 0.3451959 0.3173915 0.3364249 0.3499393 0.3301344 0.3153274 0.3265861 0.3063800 0.3180647 0.3369632 0.3943693 0.3832511 0.2863537 0.2631413 0.3720953 0.3724796 0.3821482 0.3636377 0.4112774 0.4011709 0.3371794 0.4086862 0.3596925 0.3147564 0.4722349 0.4612385 0.3211528 0.3313812 0.3247180 0.3303513 0.3303513 0.3432095 0.3190809 0.4086613 0.4433750 0.4172243 0.4240974 0.4224088 0.4622258 0.4307193 0.4073568 0.4302319 0.4424896 0.3980259 0.3516577 0.3520203 0.3034862 0.3045774 0.3399024 0.3101451 0.3472877 0.2652432 0.2909007 0.2914561 0.2826414 0.3003216 0.3101423 0.3444738 0.3494168 0.3494168 0.4084488 0.3554337 0.3280716 0.4289569 2.1171773 2.1251891 2.6323755 2.8376694 2.1538848 2.0476041 2.1324926 2.4117527 2.9089222 2.3959819 2.6680975 2.0563861 2.0497742 1.7326002 1.8446539 3.3130330 2.1728732 3.7382551 2.3316027 2.1602795 2.8375537 2.3166047 1.7119873 4.1474516 1.9501888 2.1363843 2.2006801 2.0517833 2.5195082 2.2372938 2.9661174 2.5196249 2.3110931 2.0128581 2.2038331 2.4635451 1.7495725 2.8579762 2.2809296 2.3476332 2.8330109 
Aotus_brumbacki              0.3051740 0.3471634 0.3211740 0.3306355 0.3483530 0.3068988 0.3081696 0.3387531 0.3444051 0.3137234 0.0743775 0.0000000 0.0485224 0.0456496 0.0594843 0.0615117 0.0893781 0.0893781 0.3187045 0.3374579 0.3197449 0.3051083 0.3353082 0.3374579 0.2792556 0.3373280 0.3534390 0.3590988 0.3611027 0.3680164 0.3534462 0.3411640 0.3575987 0.3116998 0.3713502 0.4034868 0.3926696 0.3868737 0.3912000 0.4075888 0.3432375 0.3764310 0.4203031 0.3571289 0.4077539 0.3549757 0.4112944 0.4143079 0.4005342 0.3860884 0.3842234 0.3621802 0.3654632 0.3607226 0.4065343 0.3954381 0.3283651 0.3166828 0.4615995 0.4952706 0.5242617 0.4217288 0.4816101 0.4872939 0.4402320 0.4082372 0.4512037 0.3700104 0.4546555 0.4573931 0.3308130 0.3495066 0.3428339 0.3422478 0.3481994 0.3469741 0.3357695 0.3815423 0.4166124 0.4154790 0.4028904 0.4058254 0.4453245 0.4155470 0.3890386 0.4303109 0.4309209 0.3917379 0.4611781 0.4035799 0.4106128 0.4305405 0.4022267 0.4241978 0.4101077 0.3569396 0.3651816 0.3569396 0.3583304 0.3772151 0.3861517 0.3855664 0.3921801 0.3921801 0.4241541 0.4002311 0.3658429 0.5160047 1.9868670 1.9023858 2.4776888 2.6795986 2.1223275 1.9381528 2.0935613 2.2531425 2.6692338 2.2679684 2.6078209 1.8889005 1.9510603 1.6753176 1.7013081 3.4885253 2.0939840 3.5329172 2.3481072 2.0863918 2.8750763 2.1108984 1.5668414 3.6068866 1.8767404 2.0061744 2.0436983 1.9038784 2.4356489 2.0992139 2.9158436 2.2898358 2.1342054 2.0844479 2.0772490 2.2573850 1.5859481 2.5542358 2.0583910 2.1943052 3.0484683 
Aotus_griseimembra           0.2834314 0.3043607 0.2895018 0.2928030 0.3086431 0.3068497 0.3078653 0.3039144 0.3056205 0.2746836 0.0619988 0.0485224 0.0000000 0.0016681 0.0548948 0.0568402 0.0613003 0.0635790 0.2839054 0.3046662 0.2869636 0.2855866 0.3124275 0.3046662 0.2699826 0.3130003 0.3800918 0.3938268 0.3956304 0.4015712 0.3889965 0.3682160 0.3825712 0.2849578 0.3489723 0.3756785 0.3954730 0.3860376 0.3892450 0.4013640 0.3410298 0.3315519 0.3287200 0.2836565 0.3215192 0.2863261 0.3245821 0.3260561 0.3069474 0.3688618 0.3660191 0.3332492 0.3405694 0.3252093 0.3985144 0.3873915 0.3234101 0.2932013 0.3515100 0.3729175 0.3960722 0.4436882 0.4021322 0.3923849 0.3385286 0.4034638 0.3604593 0.3234258 0.4757686 0.4587849 0.3263511 0.3318597 0.3251578 0.3308239 0.3308239 0.3586017 0.3194925 0.3423548 0.3749833 0.3657776 0.3696786 0.3619774 0.4734103 0.3784827 0.3586296 0.3729893 0.3861367 0.3389730 0.3546725 0.3536976 0.2701724 0.2934801 0.3113007 0.3084699 0.3364249 0.2542443 0.2617570 0.2626597 0.2542739 0.2710987 0.2761144 0.3271529 0.3319101 0.3319101 0.3685581 0.3376972 0.3162181 0.4431849 1.9683432 1.9179315 2.6552332 2.9399516 2.1106354 1.8572273 1.9358521 2.3764696 2.9127358 2.1591515 2.6525166 2.0213757 1.9414183 1.6837207 1.8035813 3.2992724 2.0762153 3.4282037 2.2480242 2.0790949 2.8810688 2.3553909 1.6707622 4.1861512 1.8676508 2.0425632 2.2035604 1.9901840 2.4806838 2.2084190 2.8727157 2.4528777 2.3513435 1.9288394 2.0883648 2.5030688 1.6683433 2.8741467 2.2884290 2.3044547 2.7556928 
Aotus_lemurinus              0.2776645 0.2982186 0.2836993 0.2868297 0.3026805 0.3006437 0.3016458 0.2979587 0.2996651 0.2689961 0.0595241 0.0456496 0.0016681 0.0000000 0.0525235 0.0544576 0.0588627 0.0611129 0.2782134 0.2986077 0.2812183 0.2797841 0.3063695 0.2986077 0.2644219 0.3064613 0.3733974 0.3872577 0.3890386 0.3949519 0.3824440 0.3616695 0.3758635 0.2782349 0.3427355 0.3689061 0.3885408 0.3791374 0.3823440 0.3943866 0.3346811 0.3252618 0.3226309 0.2779342 0.3155159 0.2806116 0.3185248 0.3200215 0.3010029 0.3618069 0.3588870 0.3265555 0.3337087 0.3188577 0.3917416 0.3806807 0.3172036 0.2871841 0.3578788 0.3793747 0.4026238 0.4436882 0.3948525 0.3851707 0.3318077 0.3941485 0.3535272 0.3171145 0.4638090 0.4492357 0.3200080 0.3254767 0.3189274 0.3244647 0.3244647 0.3501331 0.3133057 0.3350208 0.3673539 0.3581156 0.3624215 0.3545573 0.4651583 0.3707415 0.3513412 0.3653721 0.3786614 0.3318011 0.3473824 0.3469237 0.2643957 0.2872018 0.3046179 0.3019578 0.3298783 0.2592677 0.2669037 0.2677460 0.2592978 0.2762450 0.2813802 0.3208488 0.3255729 0.3255729 0.3618328 0.3313182 0.3100738 0.4342673 1.9794867 1.9291580 2.6690496 2.9215169 2.1223463 1.8683531 1.9469496 2.3891189 2.9269770 2.1708782 2.6354562 2.0328660 1.9527961 1.6706140 1.8144723 3.3147741 2.0876818 3.4072939 2.2598172 2.0906769 2.8631706 2.3678550 1.6816078 4.1618210 1.8789313 2.0537877 2.2154547 2.0014456 2.4933323 2.2203092 2.8549590 2.4654241 2.3634520 1.9403499 2.0998093 2.5157514 1.6790516 2.8560288 2.3008260 2.3167319 2.7373773 
Aotus_nancymaae              0.2833985 0.3126776 0.2918246 0.2927685 0.3151625 0.3110792 0.3120966 0.3220418 0.3212217 0.2763112 0.0757184 0.0594843 0.0548948 0.0525235 0.0000000 0.0655457 0.0697525 0.0720770 0.2993651 0.3133160 0.2866883 0.2941352 0.3236389 0.3133160 0.2635541 0.3356405 0.3354730 0.3407040 0.3423170 0.3480337 0.3360043 0.3245716 0.3420768 0.3028535 0.3616073 0.3562274 0.3434461 0.3344872 0.3376151 0.3488568 0.3369037 0.3175984 0.3352838 0.2900417 0.3305372 0.2950247 0.3220402 0.3351081 0.3250019 0.3983254 0.3478730 0.3461224 0.3537499 0.3389434 0.3680529 0.3767675 0.2983535 0.2776539 0.3837616 0.4174229 0.4161369 0.5686812 0.4128675 0.3923385 0.3438070 0.4154783 0.3801329 0.3210278 0.5146931 0.4729261 0.3236864 0.3462623 0.3298237 0.3234294 0.3234294 0.3535999 0.3241345 0.4076440 0.4157083 0.4075124 0.4149379 0.4247448 0.5146624 0.4330647 0.4038945 0.4326042 0.4330786 0.3888300 0.3479629 0.3416349 0.3012008 0.3149195 0.3187966 0.3571117 0.3472038 0.2313928 0.2383428 0.2395077 0.2395077 0.2476568 0.2559613 0.3387295 0.3435217 0.3435217 0.4114539 0.3493543 0.3322175 0.4653102 2.0316759 2.0364055 2.5712467 2.6912613 2.0745455 1.9914511 2.1209284 2.4010646 2.7511909 2.3095089 2.6974440 2.1425619 2.0122692 1.7640507 1.9194440 3.2102198 2.1247217 3.7932010 2.2521842 2.0815623 2.8131434 2.3033649 1.7384718 4.1000535 1.9433059 2.1145681 2.1519775 2.0543394 2.4072031 2.2052731 2.8563802 2.4849757 2.2982629 1.9839127 2.1533056 2.4498300 1.7486490 2.5815434 2.2267449 2.2734248 2.8826866 
Aotus_nigriceps              0.2725500 0.2947641 0.2612173 0.2932356 0.2776486 0.2844284 0.2853814 0.2905948 0.2746111 0.2569344 0.0329502 0.0615117 0.0568402 0.0544576 0.0655457 0.0000000 0.0584358 0.0562314 0.2775317 0.2935629 0.2630897 0.2723870 0.2899329 0.2935629 0.2487598 0.2992053 0.3792587 0.3928333 0.3946111 0.4004742 0.3880664 0.3675625 0.3858761 0.2678603 0.3217341 0.3651616 0.3528957 0.3435290 0.3467819 0.3585886 0.3110732 0.3299265 0.2928930 0.2706109 0.3107699 0.2843214 0.3022594 0.3153170 0.3051141 0.3476819 0.3446058 0.3232307 0.3302111 0.3366967 0.4003130 0.3893116 0.2918314 0.2846184 0.3914061 0.3948954 0.4014320 0.3896843 0.3904024 0.3806126 0.3340542 0.3828690 0.3561199 0.2908261 0.4688696 0.4517322 0.2871168 0.2993100 0.3024146 0.2959647 0.2959647 0.3002884 0.2969739 0.3799859 0.4167230 0.4145818 0.3990697 0.4082435 0.4709192 0.4158952 0.3880695 0.4273679 0.4165442 0.3789562 0.3649258 0.3442768 0.2598668 0.2694379 0.3218251 0.2837373 0.3173314 0.2433511 0.2676142 0.2684465 0.2516433 0.2769525 0.2821063 0.3181011 0.3228690 0.3228690 0.3786071 0.3286680 0.2934587 0.4520433 2.1182876 2.0671615 2.6068992 2.6938005 2.0870755 2.0284670 2.0772907 2.3205931 2.8244639 2.3719197 2.6013437 2.0490277 1.9771885 1.6291578 1.7899256 3.1996097 2.1071225 3.6453737 2.2988008 2.0559698 2.7121171 2.2250081 1.6246998 3.9841250 1.8634269 2.0909190 2.1337600 2.0006616 2.4236865 2.1314068 2.8639775 2.4039104 2.2223524 1.9676746 2.1188870 2.3892427 1.6800516 2.7383427 2.1900742 2.2167426 2.6965925 
Aotus_trivirgatus            0.3348707 0.3354409 0.3411747 0.3175349 0.3398948 0.3463578 0.3474299 0.3538510 0.3368653 0.3088969 0.0681956 0.0893781 0.0613003 0.0588627 0.0697525 0.0584358 0.0000000 0.0016599 0.2766778 0.3125515 0.2601237 0.2584769 0.2866364 0.3125515 0.2542474 0.3449675 0.3624656 0.3668669 0.3685351 0.3742243 0.3622162 0.3512612 0.3594295 0.3164088 0.3502751 0.3922446 0.3895831 0.3903786 0.3833759 0.3954409 0.3545954 0.3545953 0.3366129 0.3149202 0.3594307 0.3229432 0.3416147 0.3641007 0.3354826 0.3693594 0.3614148 0.3296645 0.3367301 0.3563781 0.4171541 0.4061851 0.3057563 0.2995773 0.3923864 0.4144020 0.4131499 0.4744758 0.4337776 0.4238322 0.3573113 0.4384100 0.3826521 0.3342916 0.5113178 0.4942014 0.3180382 0.3493716 0.3332373 0.3270198 0.3270198 0.3513222 0.3276661 0.3643573 0.4141099 0.4036430 0.3945055 0.4001789 0.4648756 0.4283888 0.3694487 0.4337989 0.4116444 0.3605038 0.3352680 0.3350727 0.2959648 0.3140247 0.2976710 0.3319010 0.3307468 0.2595667 0.2758447 0.2765780 0.2765780 0.2851566 0.2944432 0.3353335 0.3401099 0.3401099 0.4183703 0.3459223 0.3242485 0.4589687 2.1075449 1.9890349 2.5804986 2.7710976 2.1621228 1.9263685 2.0920528 2.4647772 2.7909682 2.2215067 2.7487184 2.0454943 1.9146551 1.7234103 1.8768703 3.2904756 2.1425656 3.6438240 2.3322880 2.1226338 2.8138211 2.3836894 1.7196815 3.9550837 1.8552321 2.1162385 2.2209980 1.9635846 2.5485504 2.2550268 2.8098071 2.5559401 2.2992672 1.9858212 2.2092831 2.5031563 1.7512948 2.7097232 2.3299976 2.3354366 2.9597708 
Aotus_vociferans             0.3302560 0.3307173 0.3365413 0.3222392 0.3352825 0.3415383 0.3426048 0.3585859 0.3322525 0.3044065 0.0658837 0.0893781 0.0635790 0.0611129 0.0720770 0.0562314 0.0016599 0.0000000 0.2810414 0.3171943 0.2643797 0.2627746 0.2911199 0.3171943 0.2584607 0.3399226 0.3672647 0.3715414 0.3732256 0.3789329 0.3668805 0.3559630 0.3642068 0.3113113 0.3549554 0.3974832 0.3845056 0.3852865 0.3783173 0.3903341 0.3594215 0.3594269 0.3320569 0.3104655 0.3548149 0.3184789 0.3370443 0.3594696 0.3309157 0.3642801 0.3665951 0.3345763 0.3417511 0.3611569 0.4122580 0.4013227 0.3103774 0.3042143 0.3870264 0.4089882 0.4077385 0.4744758 0.4283570 0.4184435 0.3624195 0.4384100 0.3879053 0.3295398 0.5113178 0.4942014 0.3226686 0.3541240 0.3378580 0.3316735 0.3316735 0.3513222 0.3322650 0.3699694 0.4199119 0.4095088 0.4000235 0.4058490 0.4588720 0.4343134 0.3749612 0.4396667 0.4172951 0.3660010 0.3406686 0.3301363 0.2912838 0.3091700 0.3026808 0.3269075 0.3258929 0.2637961 0.2802103 0.2808897 0.2808897 0.2895077 0.2988972 0.3401099 0.3449044 0.3449044 0.4236613 0.3507394 0.3196305 0.4655826 2.1075449 1.9890349 2.5804986 2.7710976 2.1621228 1.9263685 2.0920528 2.4647772 2.8027028 2.2215067 2.7487184 2.0548761 1.9238976 1.7320411 1.8856901 3.3038347 2.1425656 3.6438240 2.3322880 2.1226338 2.8138211 2.3836894 1.7284125 3.9704019 1.8462164 2.1162385 2.2209980 1.9727463 2.5485504 2.2550268 2.8216466 2.5559401 2.2992672 1.9858212 2.2189254 2.5031563 1.7599177 2.7097232 2.3299976 2.3354366 2.9726412 
Ateles_belzebuth             0.2350039 0.2720718 0.2346526 0.2344163 0.2170239 0.2681376 0.2627015 0.2391589 0.2234926 0.2483319 0.2832478 0.3187045 0.2839054 0.2782134 0.2993651 0.2775317 0.2766778 0.2810414 0.0000000 0.0158739 0.0374250 0.0349319 0.0505048 0.0158739 0.0372918 0.2392434 0.3204382 0.3375811 0.3510137 0.3566915 0.3566525 0.3217310 0.3341508 0.3473023 0.4275436 0.4339679 0.4221307 0.4164549 0.4086042 0.4220796 0.3666468 0.4205953 0.3432673 0.3235870 0.3069036 0.3389732 0.3318279 0.3116312 0.3717759 0.3049843 0.3215561 0.2867495 0.3077178 0.3712950 0.3991404 0.3881719 0.2159567 0.2058305 0.4401485 0.4518725 0.4505674 0.7809031 0.4063414 0.3958710 0.3794604 0.4063237 0.4246059 0.3934576 0.5567370 0.4564282 0.3479908 0.3341581 0.3464043 0.3525338 0.3525338 0.3697842 0.3405760 0.3406755 0.3926929 0.3935819 0.3312342 0.3208029 0.3868342 0.3806055 0.3637076 0.3561102 0.3533505 0.3389282 0.5128007 0.4087906 0.3983398 0.3702292 0.4320089 0.3814061 0.3761652 0.3073699 0.3388664 0.3387837 0.3360769 0.3264051 0.3428738 0.3376959 0.3326510 0.3326510 0.3493687 0.3259030 0.3285426 0.4688607 2.0439595 1.9745874 2.4480677 2.9720245 2.1649323 1.9851645 1.9637238 2.5680447 2.5786907 2.2963821 2.3933894 2.3097155 2.2612827 1.9759436 2.0214289 2.6158842 2.0947062 3.3139482 2.1461738 2.1972116 2.4480639 2.5461088 1.9893396 3.7902907 2.1677001 2.1044534 2.2738480 2.3139337 2.4470720 2.1796095 2.5141923 2.4940917 2.3468512 1.9600787 2.1497436 2.6758015 1.9778578 2.6216721 2.2553138 2.2268647 2.5394496 
Ateles_chamek                0.2395694 0.2725246 0.2314780 0.2427015 0.2307457 0.2727609 0.2672751 0.2378462 0.2375162 0.2629519 0.3014810 0.3374579 0.3046662 0.2986077 0.3133160 0.2935629 0.3125515 0.3171943 0.0158739 0.0000000 0.0354613 0.0349639 0.0460017 0.0000010 0.0332857 0.2396360 0.3397895 0.3473803 0.3609728 0.3667002 0.3666603 0.3408856 0.3537189 0.3533041 0.4110793 0.4289656 0.4172230 0.4115528 0.4037221 0.4171721 0.3673984 0.4214104 0.3438919 0.3366386 0.3074604 0.3523706 0.3324336 0.3121966 0.3724489 0.3104827 0.3272250 0.2921896 0.3132240 0.3574476 0.3899783 0.3666029 0.2088540 0.2061511 0.4524473 0.4412972 0.4514270 0.8049992 0.3956331 0.3852280 0.3802143 0.4073375 0.4254620 0.3942220 0.5583870 0.4575258 0.3388651 0.3251099 0.3374377 0.3434031 0.3434031 0.3579756 0.3316468 0.3511403 0.3989021 0.3998895 0.3368741 0.3397956 0.3835411 0.3868452 0.3837485 0.3651950 0.3592045 0.3586184 0.5262110 0.4215089 0.3975819 0.3806847 0.4445365 0.3806183 0.3984437 0.3079298 0.3394908 0.3393990 0.3366865 0.3269983 0.3277079 0.3485461 0.3434531 0.3434531 0.3603038 0.3366199 0.3391835 0.4768147 2.0209577 1.9886712 2.3675344 2.8323335 2.1702175 1.9621937 2.0027372 2.4243296 2.5743250 2.2921431 2.3543637 2.2784673 2.2303532 1.9595789 1.9865353 2.5776996 2.0904800 3.1371185 2.1679922 2.2092130 2.4297224 2.5093653 1.9539825 3.7707268 2.1371100 2.1001537 2.2098970 2.2725400 2.4710540 2.1560817 2.5952618 2.5293801 2.3324428 1.9555384 2.1454060 2.6681093 1.9871810 2.6021472 2.2308141 2.2026257 2.5311596 
Ateles_fusciceps             0.2223669 0.2302154 0.2220357 0.2386558 0.1896767 0.2516950 0.2387426 0.2281036 0.1870263 0.2277759 0.2884725 0.3197449 0.2869636 0.2812183 0.2866883 0.2630897 0.2601237 0.2643797 0.0374250 0.0354613 0.0000000 0.0195476 0.0503649 0.0354613 0.0370862 0.2377675 0.3119696 0.3199649 0.3328058 0.3382654 0.3382288 0.3133133 0.3252534 0.3165720 0.4024433 0.4056507 0.3947399 0.3892881 0.3818166 0.3946920 0.3769917 0.4262767 0.3197306 0.3220074 0.2941780 0.3369957 0.3062580 0.2987270 0.3442198 0.3032677 0.3193579 0.2760484 0.2963998 0.3712782 0.3882122 0.3654361 0.2090517 0.1989779 0.4296660 0.4299758 0.4397923 0.7287075 0.3759474 0.3769899 0.3669822 0.3932829 0.4361310 0.3860000 0.5604554 0.4554020 0.3362899 0.3228914 0.3469149 0.3407154 0.3502258 0.3385600 0.3412062 0.3171265 0.3620487 0.3624455 0.3217591 0.3163371 0.3571314 0.3501127 0.3579196 0.3505568 0.3430202 0.3338575 0.4720232 0.3840959 0.3579147 0.3718596 0.3816111 0.3572112 0.3531849 0.2544977 0.2825081 0.2831836 0.2808352 0.2719441 0.2862163 0.3107719 0.3059836 0.3059836 0.3122215 0.3118189 0.3023734 0.4475097 1.9787007 1.8938018 2.3672586 2.7709915 2.0594799 1.8850476 1.9508928 2.3817172 2.4378061 2.1471379 2.3854926 2.2347451 2.1496969 1.9473282 1.9928215 2.6519693 1.9930951 3.1443983 2.1405456 2.1055561 2.4427989 2.4119194 1.9416070 3.5278989 2.0974148 2.0168359 2.1589915 2.1802730 2.3368670 2.1261768 2.4345884 2.4576452 2.2610823 1.8665619 2.0594129 2.5729423 2.0120717 2.6052085 2.1345558 2.0960227 2.4661817 
Ateles_geoffroyi             0.2298225 0.2459358 0.2294787 0.2369184 0.2048713 0.2520564 0.2388982 0.2263130 0.2021444 0.2353272 0.2870793 0.3051083 0.2855866 0.2797841 0.2941352 0.2723870 0.2584769 0.2627746 0.0349319 0.0349639 0.0195476 0.0000000 0.0435411 0.0349639 0.0309341 0.2127134 0.2993708 0.3032956 0.3159771 0.3214029 0.3213672 0.2963952 0.3080851 0.3075245 0.4009777 0.3886379 0.3779683 0.3724907 0.3650310 0.3779211 0.3409707 0.4052534 0.3092803 0.2995157 0.2837467 0.3141200 0.3075874 0.2883011 0.3338203 0.2855136 0.3111532 0.2676882 0.2881987 0.3444506 0.3612820 0.3507653 0.1935247 0.1838145 0.4267742 0.4270921 0.4515724 0.8170339 0.3564574 0.3465602 0.3671956 0.3847134 0.4259019 0.3650435 0.5334555 0.4407269 0.3138403 0.3192712 0.3340860 0.3277249 0.3372422 0.3476740 0.3283781 0.2938243 0.3382423 0.3382787 0.2943073 0.2930690 0.3463761 0.3260290 0.3340361 0.3164767 0.3198655 0.3100151 0.4393223 0.3577001 0.3604020 0.3666361 0.3957567 0.3565654 0.3413814 0.2637639 0.2927175 0.2932688 0.2908232 0.2816918 0.3006934 0.3095687 0.3047228 0.3047228 0.3110379 0.2983030 0.3010842 0.4522797 1.9999888 1.8935183 2.4335447 2.8532491 2.1255504 1.8959805 1.9803624 2.4254565 2.5015323 2.1880385 2.4081359 2.2777742 2.1911519 1.9848143 2.0307711 2.7471767 2.0142689 3.1533768 2.1452995 2.1194688 2.5276423 2.4597330 1.9604147 3.5976810 2.1114256 2.0573421 2.1737369 2.2225776 2.3822059 2.1308162 2.4292838 2.4843692 2.2674151 1.8870729 2.0823893 2.6453982 2.0503621 2.6626740 2.2162982 2.1762182 2.5371101 
Ateles_hybridus              0.2625655 0.2698642 0.2522289 0.2624776 0.2613350 0.2913836 0.2965748 0.2588593 0.2486122 0.2865794 0.2960453 0.3353082 0.3124275 0.3063695 0.3236389 0.2899329 0.2866364 0.2911199 0.0505048 0.0460017 0.0503649 0.0435411 0.0000000 0.0460017 0.0501709 0.2295499 0.3433667 0.3275326 0.3406617 0.3462306 0.3461928 0.3325674 0.3450949 0.3355068 0.4050596 0.4028148 0.4029526 0.3973886 0.3897414 0.4029034 0.3849587 0.4350007 0.3502546 0.3306215 0.3138248 0.3559964 0.3388287 0.3185618 0.3533382 0.3287332 0.3457597 0.3105604 0.3314602 0.3801178 0.4099935 0.3865289 0.2144332 0.2044035 0.4408703 0.4557565 0.4544642 0.8352856 0.3984479 0.3881639 0.4194919 0.4563249 0.4782801 0.3799252 0.6195688 0.5020115 0.3446455 0.3529804 0.3310632 0.3368313 0.3368313 0.3768778 0.3373750 0.3595230 0.4320263 0.4191622 0.3681994 0.3586480 0.4119101 0.4203874 0.3920032 0.3951101 0.3912481 0.3778173 0.4414544 0.3982090 0.4292671 0.4053447 0.4361601 0.3996808 0.3808103 0.3070261 0.3258536 0.3138888 0.3233284 0.3138518 0.3340278 0.3472315 0.3421917 0.3421917 0.3509346 0.3483528 0.3379797 0.4873070 1.9898950 1.9471393 2.4428346 2.9123028 2.1172194 1.9135396 1.9730821 2.5082339 2.5245029 2.2156557 2.4098290 2.2597011 2.1104991 2.0053499 2.0043638 2.7567041 2.0133199 3.1858161 2.1090439 2.1301450 2.5405389 2.4684757 1.9717352 3.6662470 2.0772032 2.0749203 2.2504746 2.2070862 2.3427661 2.1416444 2.5026102 2.4960024 2.2416282 1.9052572 2.1001420 2.6465451 2.0238507 2.6679075 2.1951284 2.1749541 2.5893559 
Ateles_marginatus            0.2395694 0.2725246 0.2314780 0.2427015 0.2307457 0.2727609 0.2672751 0.2378462 0.2375162 0.2629519 0.3014810 0.3374579 0.3046662 0.2986077 0.3133160 0.2935629 0.3125515 0.3171943 0.0158739 0.0000010 0.0354613 0.0349639 0.0460017 0.0000000 0.0332857 0.2396360 0.3397895 0.3473803 0.3609728 0.3667002 0.3666603 0.3408856 0.3537189 0.3533041 0.4110793 0.4289656 0.4172230 0.4115528 0.4037221 0.4171721 0.3673984 0.4214104 0.3438919 0.3366386 0.3074604 0.3523706 0.3324336 0.3121966 0.3724489 0.3104827 0.3272250 0.2921896 0.3132240 0.3574476 0.3899783 0.3666029 0.2088540 0.2061511 0.4524473 0.4412972 0.4514270 0.8049992 0.3956331 0.3852280 0.3802143 0.4073375 0.4254620 0.3942220 0.5583870 0.4575258 0.3388651 0.3251099 0.3374377 0.3434031 0.3434031 0.3579756 0.3316468 0.3511403 0.3989021 0.3998895 0.3368741 0.3397956 0.3835411 0.3868452 0.3837485 0.3651950 0.3592045 0.3586184 0.5262110 0.4215089 0.3975819 0.3806847 0.4445365 0.3806183 0.3984437 0.3079298 0.3394908 0.3393990 0.3366865 0.3269983 0.3277079 0.3485461 0.3434531 0.3434531 0.3603038 0.3366199 0.3391835 0.4768147 2.0209577 1.9886712 2.3675344 2.8323335 2.1702175 1.9621937 2.0027372 2.4243296 2.5743250 2.2921431 2.3543637 2.2784673 2.2303532 1.9595789 1.9865353 2.5776996 2.0904800 3.1371185 2.1679922 2.2092130 2.4297224 2.5093653 1.9539825 3.7707268 2.1371100 2.1001537 2.2098970 2.2725400 2.4710540 2.1560817 2.5952618 2.5293801 2.3324428 1.9555384 2.1454060 2.6681093 1.9871810 2.6021472 2.2308141 2.2026257 2.5311596 
Ateles_paniscus              0.2264380 0.2267745 0.2186970 0.2429390 0.2180318 0.2363578 0.2410198 0.2156151 0.2153142 0.2488490 0.2623796 0.2792556 0.2699826 0.2644219 0.2635541 0.2487598 0.2542474 0.2584607 0.0372918 0.0332857 0.0370862 0.0309341 0.0501709 0.0332857 0.0000000 0.2148431 0.2990870 0.2920794 0.3044239 0.3097267 0.3096924 0.3005548 0.3122396 0.3172740 0.3882596 0.3643988 0.3544626 0.3491426 0.3419667 0.3544181 0.3235246 0.3975073 0.2881048 0.2785042 0.2548504 0.2924010 0.2773859 0.2592039 0.2908671 0.2850408 0.2815424 0.2582667 0.2783599 0.3293521 0.3484037 0.3381226 0.1846666 0.1819535 0.3881282 0.3669689 0.4012300 0.6261715 0.3392428 0.3190174 0.3524841 0.3482810 0.4060595 0.3581091 0.4703135 0.4093879 0.3084035 0.3045065 0.3191478 0.3127746 0.3220439 0.3221079 0.3135944 0.2932411 0.3369541 0.3369705 0.2936986 0.2924985 0.3555568 0.3249158 0.3328083 0.3155263 0.3139648 0.3091625 0.4069566 0.3418220 0.3177633 0.3378120 0.3465102 0.3063505 0.3262051 0.2747209 0.2921487 0.2926996 0.3017972 0.2926651 0.3118185 0.2897026 0.2850238 0.2850238 0.3006058 0.2788757 0.2656810 0.4074924 1.9109057 1.8986651 2.3989921 2.7629478 2.0601458 1.8536692 1.9025215 2.4130190 2.4592355 2.1976290 2.3077691 2.2404155 2.1359828 1.9125452 1.9510512 2.6216584 1.9462112 3.0501422 2.0901494 2.0477882 2.4319917 2.3943995 1.9252102 3.4862266 2.0011102 2.0494740 2.0879517 2.2027620 2.3000897 2.0660129 2.4063457 2.3891858 2.1888013 1.8809502 2.0552190 2.5979374 1.9772716 2.6352533 2.1083879 2.0701980 2.4769365 
Brachyteles_hypoxanthus      0.2608664 0.2611391 0.2438547 0.2692410 0.2871437 0.2829062 0.2881781 0.2913998 0.2776598 0.2730577 0.2843738 0.3373280 0.3130003 0.3064613 0.3356405 0.2992053 0.3449675 0.3399226 0.2392434 0.2396360 0.2377675 0.2127134 0.2295499 0.2396360 0.2148431 0.0000000 0.3724603 0.3545625 0.3757353 0.3817175 0.3718633 0.3555652 0.3699195 0.3962051 0.3782553 0.4184562 0.4088837 0.4032793 0.4067663 0.4201331 0.4381296 0.4447930 0.3661148 0.3885536 0.3634753 0.3912860 0.3507154 0.3582220 0.3566066 0.3348309 0.3589119 0.3423290 0.3540256 0.3833050 0.4072560 0.4163452 0.2571526 0.2522991 0.4370724 0.4264645 0.4283593 0.8595520 0.4663872 0.4708165 0.4172292 0.4252520 0.4028948 0.4019931 0.5103898 0.4209218 0.3435676 0.3564241 0.3281158 0.3143753 0.3238360 0.3987898 0.3222703 0.3247017 0.3892238 0.3561670 0.3809976 0.3534765 0.4300674 0.3573749 0.3654333 0.3767924 0.3944678 0.3619608 0.4557941 0.3991698 0.4964382 0.4573238 0.5030326 0.4594503 0.4194616 0.4130169 0.4257204 0.4242694 0.4130666 0.4298659 0.4498984 0.3842358 0.3786454 0.3786454 0.3803878 0.3854840 0.3735368 0.5361414 2.3120551 2.1689533 2.4113758 2.7207297 2.1846673 2.1098670 2.0856401 2.4320632 2.4867339 2.3516663 2.8983608 2.4987217 2.3570517 2.0805683 2.2275658 2.8383389 2.0618424 3.8295232 2.2892460 2.1369324 2.3407033 2.4773695 2.0214156 3.6803481 2.2024031 2.1525273 2.3311058 2.2454410 2.4847018 2.2642427 2.4879567 2.6423915 2.4009222 1.9941738 2.3850326 2.6738643 1.9945350 2.7858246 2.5140789 2.4681443 2.4838936 
