95
Alouatta_belzebul            0.0000000 0.0233430 0.0290576 0.0204456 0.0475480 0.0475480 0.0432217 0.0468599 0.0468599 0.0516926 0.0522932 0.0422206 0.0486465 0.0782659 0.0761632 0.0839562 0.0730118 0.1003997 0.0667748 0.0712828 0.0859053 0.0712828 0.0761077 0.0475661 0.0475661 0.0430370 0.0606388 0.0606388 0.0561373 0.0378087 0.0673217 0.0814252 0.0754790 0.0706452 0.0571239 0.1248635 0.0382322 0.0609967 0.0609967 0.0612826 0.0580859 0.0563486 0.0717919 0.0771159 0.0691925 0.0754920 0.0573979 0.0808485 0.0868128 0.0475744 0.0673235 0.0868128 0.0771159 0.0567248 0.0616956 0.0616956 0.0387021 0.0478535 0.0957634 0.1419446 0.1351813 0.3443245 0.3336082 0.1410125 0.1351813 0.1752955 0.2625389 0.1527637 0.3762177 0.1874282 0.1685398 0.1647711 0.3374557 0.1286411 0.3214355 0.1342707 0.1410125 0.4216868 0.1566237 0.1708056 0.3401678 0.1685398 0.1286411 0.1448492 0.1821060 0.1456181 0.3839309 0.1530914 0.1541707 0.1658476 0.1647711 0.4152699 0.1506672 0.1507080 0.5604167 
Alouatta_caraya              0.0233430 0.0000000 0.0417736 0.0484834 0.0774990 0.0774990 0.0710435 0.0692353 0.0692353 0.0734029 0.0734029 0.0688119 0.0688119 0.1067078 0.1067078 0.1067078 0.0988904 0.1004914 0.1004914 0.1072963 0.1070480 0.1072963 0.1072963 0.0775548 0.0775548 0.0706025 0.0825022 0.0825022 0.0839516 0.0756969 0.1008654 0.1008654 0.0933618 0.0853402 0.0853402 0.1331874 0.0654062 0.0831922 0.0831922 0.0837658 0.0843471 0.0762202 0.1074954 0.1083692 0.0853291 0.0933897 0.0853291 0.0999696 0.1074954 0.0775619 0.1008860 0.1074954 0.1083692 0.0845270 0.0923992 0.0923992 0.0641178 0.0637441 0.1606928 0.1870887 0.1870887 0.4511673 0.4318762 0.1965921 0.1870887 0.2179892 0.3481691 0.1870887 0.4632888 0.2644309 0.2434706 0.2255754 0.5036417 0.1760300 0.4376748 0.1850783 0.1965921 0.6195396 0.2207452 0.2456499 0.4245266 0.2434706 0.1760300 0.2015747 0.2686113 0.2032187 0.5405513 0.2136774 0.2161635 0.2256409 0.2255754 0.4920184 0.1760300 0.2110953 0.6191824 
Alouatta_palliata            0.0290576 0.0417736 0.0000000 0.0245442 0.0463971 0.0463971 0.0421622 0.0421534 0.0421534 0.0516881 0.0522886 0.0376055 0.0486426 0.0782603 0.0708862 0.0839501 0.0617193 0.0848343 0.0558954 0.0602602 0.0773139 0.0602602 0.0648904 0.0468872 0.0468872 0.0424093 0.0557075 0.0557075 0.0683316 0.0420204 0.0563335 0.0677172 0.0620697 0.0462828 0.0377824 0.1141849 0.0382295 0.0560302 0.0560302 0.0562900 0.0577864 0.0514571 0.0606752 0.0657182 0.0561756 0.0620769 0.0468872 0.0672595 0.0729303 0.0375811 0.0563330 0.0729303 0.0657182 0.0463604 0.0510750 0.0510750 0.0381234 0.0470176 0.0950018 0.1217754 0.1154862 0.3296386 0.3192864 0.1210220 0.1154862 0.1495653 0.2494591 0.1282356 0.3730784 0.1648840 0.1587914 0.1552651 0.3309237 0.1093884 0.3149202 0.1147436 0.1210220 0.4182061 0.1361311 0.1611306 0.3412121 0.1587914 0.1093884 0.1249320 0.1718277 0.1255767 0.3767343 0.1330599 0.1339468 0.1450711 0.1552651 0.3966749 0.1265583 0.1305033 0.5728727 
Alouatta_sara                0.0204456 0.0484834 0.0245442 0.0000000 0.0425826 0.0425826 0.0383225 0.0332111 0.0332111 0.0393800 0.0398281 0.0288108 0.0371044 0.0672719 0.0610341 0.0727586 0.0578248 0.0925360 0.0613575 0.0657894 0.0852936 0.0657894 0.0705103 0.0430327 0.0430327 0.0385465 0.0464132 0.0464132 0.0439980 0.0245743 0.0524650 0.0631193 0.0574773 0.0526658 0.0428381 0.1238212 0.0281829 0.0466740 0.0466740 0.0468871 0.0434840 0.0422176 0.0568275 0.0618481 0.0516113 0.0574830 0.0430327 0.0626926 0.0683558 0.0337473 0.0524639 0.0683558 0.0618481 0.0425486 0.0472508 0.0472508 0.0342359 0.0422864 0.0813941 0.1230909 0.1167613 0.3306446 0.3203446 0.1223253 0.1167613 0.1512517 0.2438252 0.1298355 0.3693059 0.1663561 0.1483274 0.1450104 0.3319577 0.1106228 0.3162365 0.1160068 0.1223253 0.4139608 0.1374819 0.1507765 0.3424447 0.1483274 0.1106228 0.1262364 0.1609876 0.1268889 0.3774615 0.1343792 0.1352787 0.1464418 0.1450104 0.3972950 0.1281298 0.1318318 0.5709328 
Aotus_azarae                 0.0475480 0.0774990 0.0463971 0.0425826 0.0000000 0.0000010 0.0039854 0.0429796 0.0429796 0.0530226 0.0536513 0.0383500 0.0498370 0.0798188 0.0721960 0.0856065 0.0564332 0.0898708 0.0599103 0.0642532 0.0826728 0.0642532 0.0688750 0.0419841 0.0419841 0.0375990 0.0567587 0.0567587 0.0699757 0.0428415 0.0557527 0.0668703 0.0613029 0.0511455 0.0417986 0.1198346 0.0390946 0.0570929 0.0570929 0.0573616 0.0589099 0.0524455 0.0646928 0.0697495 0.0609389 0.0668624 0.0509181 0.0720039 0.0776632 0.0415762 0.0603783 0.0776632 0.0697495 0.0415222 0.0461155 0.0461155 0.0333839 0.0410249 0.1039154 0.1352918 0.1286938 0.2983313 0.2885885 0.1344213 0.1286938 0.1667201 0.2606723 0.1446251 0.3922235 0.1799141 0.1613631 0.1577614 0.3515486 0.1223066 0.3441644 0.1278407 0.1344213 0.4377860 0.1498491 0.1636907 0.3814915 0.1613631 0.1223066 0.1382805 0.1745789 0.1390065 0.3985958 0.1464748 0.1474874 0.1589636 0.1577614 0.3771654 0.1426740 0.1440369 0.6208238 
Aotus_griseimembra           0.0475480 0.0774990 0.0463971 0.0425826 0.0000010 0.0000000 0.0039854 0.0429796 0.0429796 0.0530226 0.0536513 0.0383500 0.0498370 0.0798188 0.0721960 0.0856065 0.0564332 0.0898708 0.0599103 0.0642532 0.0826728 0.0642532 0.0688750 0.0419841 0.0419841 0.0375990 0.0567587 0.0567587 0.0699757 0.0428415 0.0557527 0.0668703 0.0613029 0.0511455 0.0417986 0.1198346 0.0390946 0.0570929 0.0570929 0.0573616 0.0589099 0.0524455 0.0646928 0.0697495 0.0609389 0.0668624 0.0509181 0.0720039 0.0776632 0.0415762 0.0603783 0.0776632 0.0697495 0.0415222 0.0461155 0.0461155 0.0333839 0.0410249 0.1039154 0.1352918 0.1286938 0.2983313 0.2885885 0.1344213 0.1286938 0.1667201 0.2606723 0.1446251 0.3922235 0.1799141 0.1613631 0.1577614 0.3515486 0.1223066 0.3441644 0.1278407 0.1344213 0.4377860 0.1498491 0.1636907 0.3814915 0.1613631 0.1223066 0.1382805 0.1745789 0.1390065 0.3985958 0.1464748 0.1474874 0.1589636 0.1577614 0.3771654 0.1426740 0.1440369 0.6208238 
Aotus_nancymaae              0.0432217 0.0710435 0.0421622 0.0383225 0.0039854 0.0039854 0.0000000 0.0386769 0.0386769 0.0471327 0.0476918 0.0340860 0.0443000 0.0748194 0.0676729 0.0805602 0.0520886 0.0842244 0.0556124 0.0599515 0.0767418 0.0599515 0.0645521 0.0377698 0.0377698 0.0334067 0.0523873 0.0523873 0.0641390 0.0385543 0.0514432 0.0616980 0.0561669 0.0460092 0.0376044 0.1131420 0.0342066 0.0526936 0.0526936 0.0529416 0.0543708 0.0480679 0.0603603 0.0653687 0.0558364 0.0616908 0.0466569 0.0668355 0.0724605 0.0374052 0.0560440 0.0724605 0.0653687 0.0373565 0.0419072 0.0419072 0.0291975 0.0358770 0.0978128 0.1302993 0.1237637 0.3079916 0.2980151 0.1294662 0.1237637 0.1606569 0.2548815 0.1386363 0.3757816 0.1747154 0.1562296 0.1527142 0.3342721 0.1174334 0.3297468 0.1229457 0.1294662 0.4171570 0.1448982 0.1586227 0.3659279 0.1562296 0.1174334 0.1333760 0.1693247 0.1340783 0.3801555 0.1416101 0.1425836 0.1540178 0.1527142 0.3704690 0.1367695 0.1391090 0.5787683 
Ateles_belzebuth             0.0468599 0.0692353 0.0421534 0.0332111 0.0429796 0.0429796 0.0386769 0.0000000 0.0000010 0.0163992 0.0165806 0.0290643 0.0375323 0.0627551 0.0569059 0.0682324 0.0433793 0.0810541 0.0525616 0.0569902 0.0731153 0.0569902 0.0616737 0.0340407 0.0340407 0.0296461 0.0468469 0.0468469 0.0504899 0.0245666 0.0576848 0.0638881 0.0469916 0.0366201 0.0342386 0.1025284 0.0284658 0.0425897 0.0425897 0.0427851 0.0439095 0.0381341 0.0573865 0.0577114 0.0467141 0.0525625 0.0434388 0.0522463 0.0634882 0.0340538 0.0529761 0.0634882 0.0577114 0.0384504 0.0431343 0.0431343 0.0253904 0.0259225 0.0819365 0.1281931 0.1217397 0.3328525 0.3382590 0.1273825 0.1217397 0.1508306 0.2593871 0.1292737 0.3921211 0.1722034 0.1538635 0.1504121 0.3342571 0.1154897 0.3435462 0.1209433 0.1273825 0.4082389 0.1426951 0.1562713 0.3541458 0.1538635 0.1154897 0.1312816 0.1668185 0.1319672 0.3985782 0.1394680 0.1404174 0.1517521 0.1504121 0.3735149 0.1275662 0.1369594 0.6063931 
Ateles_chamek                0.0468599 0.0692353 0.0421534 0.0332111 0.0429796 0.0429796 0.0386769 0.0000010 0.0000000 0.0163992 0.0165806 0.0290643 0.0375323 0.0627551 0.0569059 0.0682324 0.0433793 0.0810541 0.0525616 0.0569902 0.0731153 0.0569902 0.0616737 0.0340407 0.0340407 0.0296461 0.0468469 0.0468469 0.0504899 0.0245666 0.0576848 0.0638881 0.0469916 0.0366201 0.0342386 0.1025284 0.0284658 0.0425897 0.0425897 0.0427851 0.0439095 0.0381341 0.0573865 0.0577114 0.0467141 0.0525625 0.0434388 0.0522463 0.0634882 0.0340538 0.0529761 0.0634882 0.0577114 0.0384504 0.0431343 0.0431343 0.0253904 0.0259225 0.0819365 0.1281931 0.1217397 0.3328525 0.3382590 0.1273825 0.1217397 0.1508306 0.2593871 0.1292737 0.3921211 0.1722034 0.1538635 0.1504121 0.3342571 0.1154897 0.3435462 0.1209433 0.1273825 0.4082389 0.1426951 0.1562713 0.3541458 0.1538635 0.1154897 0.1312816 0.1668185 0.1319672 0.3985782 0.1394680 0.1404174 0.1517521 0.1504121 0.3735149 0.1275662 0.1369594 0.6063931 
Brachyteles_arachnoides      0.0516926 0.0734029 0.0516881 0.0393800 0.0530226 0.0530226 0.0471327 0.0163992 0.0163992 0.0000000 0.0000010 0.0337655 0.0339724 0.0730630 0.0725849 0.0792117 0.0547143 0.0744045 0.0664952 0.0726110 0.0669296 0.0726110 0.0791755 0.0538113 0.0538113 0.0475227 0.0520151 0.0520151 0.0468240 0.0276107 0.0671835 0.0709751 0.0504385 0.0445994 0.0410208 0.0946442 0.0279499 0.0524202 0.0524202 0.0527496 0.0530824 0.0462702 0.0666996 0.0672201 0.0500775 0.0571942 0.0474771 0.0567749 0.0704321 0.0407169 0.0606582 0.0704321 0.0672201 0.0529646 0.0596319 0.0596319 0.0415390 0.0454752 0.1131754 0.1597556 0.1597556 0.4413945 0.4119259 0.1680977 0.1597556 0.1889065 0.2838904 0.1614117 0.4148181 0.2364470 0.2086365 0.2023815 0.4101440 0.1502585 0.4108925 0.1582344 0.1680977 0.5457098 0.1899088 0.2111551 0.4542471 0.2086365 0.1502585 0.1730377 0.2296792 0.1743145 0.4952406 0.1842178 0.1860934 0.1944407 0.1935490 0.4334348 0.1587311 0.1814176 0.5616316 
Brachyteles_hypoxanthus      0.0522932 0.0734029 0.0522886 0.0398281 0.0536513 0.0536513 0.0476918 0.0165806 0.0165806 0.0000010 0.0000000 0.0341500 0.0341500 0.0734754 0.0734754 0.0801905 0.0553804 0.0748286 0.0673040 0.0734946 0.0673040 0.0734946 0.0801448 0.0544594 0.0544594 0.0480916 0.0526237 0.0526237 0.0468240 0.0279191 0.0680102 0.0718981 0.0510801 0.0451724 0.0415052 0.0946442 0.0282660 0.0530388 0.0530388 0.0533760 0.0537171 0.0468124 0.0675137 0.0680471 0.0507095 0.0579272 0.0480450 0.0574964 0.0713401 0.0411939 0.0613997 0.0713401 0.0680471 0.0535919 0.0603477 0.0603477 0.0420360 0.0460712 0.1151738 0.1619862 0.1619862 0.4491128 0.4189648 0.1704619 0.1619862 0.1917379 0.2883695 0.1637956 0.4221430 0.2400019 0.2117183 0.2053033 0.4175212 0.1523219 0.4182703 0.1604211 0.1704619 0.5565116 0.1925726 0.2142223 0.4628728 0.2117183 0.1523219 0.1754333 0.2332039 0.1767452 0.5044616 0.1867428 0.1886754 0.1971551 0.1963248 0.4408936 0.1610331 0.1839459 0.5683262 
Cacajao_calvus               0.0422206 0.0688119 0.0376055 0.0288108 0.0383500 0.0383500 0.0340860 0.0290643 0.0290643 0.0337655 0.0341500 0.0000000 0.0000010 0.0422240 0.0383896 0.0473567 0.0534361 0.0868864 0.0570229 0.0614582 0.0793288 0.0614582 0.0661660 0.0387536 0.0387536 0.0342834 0.0247870 0.0247870 0.0267990 0.0289776 0.0527649 0.0635629 0.0578742 0.0474440 0.0385796 0.1172100 0.0091339 0.0335867 0.0335867 0.0337386 0.0346120 0.0292395 0.0618870 0.0670223 0.0575236 0.0635553 0.0478565 0.0688316 0.0746139 0.0383703 0.0574763 0.0746139 0.0670223 0.0383193 0.0429846 0.0429846 0.0299726 0.0370307 0.0565332 0.1108997 0.1048079 0.3065946 0.2966731 0.1102307 0.1048079 0.1360469 0.2354487 0.1151791 0.3555203 0.1530709 0.1354349 0.1323791 0.3232703 0.0988934 0.3159854 0.1041457 0.1102307 0.4046022 0.1251811 0.1380187 0.3507597 0.1354349 0.0988934 0.1142025 0.1476494 0.1147870 0.3648553 0.1223324 0.1231287 0.1340419 0.1323791 0.3685538 0.1136984 0.1196636 0.5257332 
Cacajao_melanocephalus       0.0486465 0.0688119 0.0486426 0.0371044 0.0498370 0.0498370 0.0443000 0.0375323 0.0375323 0.0339724 0.0341500 0.0000010 0.0000000 0.0440947 0.0440947 0.0499465 0.0635243 0.0825477 0.0747323 0.0805539 0.0798461 0.0805539 0.0868419 0.0505306 0.0505306 0.0446419 0.0264423 0.0264423 0.0267990 0.0373839 0.0692319 0.0729112 0.0663248 0.0543865 0.0502285 0.1092992 0.0107684 0.0377971 0.0377971 0.0380173 0.0382404 0.0321855 0.0812990 0.0883418 0.0658586 0.0729011 0.0625825 0.0789356 0.0856417 0.0498710 0.0755339 0.0856417 0.0883418 0.0497856 0.0560077 0.0560077 0.0390227 0.0424778 0.0771676 0.1336610 0.1336610 0.3810028 0.3556397 0.1411281 0.1336610 0.1584647 0.2616329 0.1338233 0.3737428 0.2016846 0.1768653 0.1718114 0.4087779 0.1253434 0.3745320 0.1325121 0.1411281 0.5072690 0.1611633 0.1796650 0.4191192 0.1768653 0.1253434 0.1460341 0.1949219 0.1470277 0.4445571 0.1565495 0.1579688 0.1654605 0.1639187 0.4070287 0.1318133 0.1535499 0.5322978 
Callicebus_coimbrai          0.0782659 0.1067078 0.0782603 0.0672719 0.0798188 0.0798188 0.0748194 0.0627551 0.0627551 0.0730630 0.0734754 0.0422240 0.0440947 0.0000000 0.0000010 0.0043677 0.0868849 0.1243692 0.0975481 0.1027790 0.1176038 0.1027790 0.1085289 0.0808580 0.0808580 0.0753778 0.0322176 0.0322176 0.0573515 0.0677507 0.0984548 0.1147770 0.1075360 0.0950366 0.0803963 0.1538717 0.0498262 0.0223895 0.0223895 0.0224975 0.0226059 0.0178159 0.1094427 0.1161402 0.1066906 0.1147610 0.0920746 0.1210069 0.1283630 0.0798668 0.1043051 0.1283630 0.1161402 0.0689611 0.0747337 0.0747337 0.0702798 0.0827338 0.0765597 0.1509672 0.1433257 0.3382776 0.3447074 0.1498526 0.1433257 0.1847039 0.2826484 0.1557746 0.4351582 0.2058759 0.1840153 0.1794304 0.4068097 0.1359694 0.4185094 0.1422502 0.1498526 0.5198440 0.1698546 0.1724340 0.4320030 0.1840153 0.1359694 0.1563820 0.2000195 0.1573208 0.4551031 0.1656045 0.1669453 0.1736113 0.1794304 0.4334283 0.1533860 0.1630800 0.6542116 
Callicebus_nigrifrons        0.0761632 0.1067078 0.0708862 0.0610341 0.0721960 0.0721960 0.0676729 0.0569059 0.0569059 0.0725849 0.0734754 0.0383896 0.0440947 0.0000010 0.0000000 0.0043470 0.0784485 0.1227371 0.0879883 0.0927018 0.1176038 0.0927018 0.0978381 0.0730375 0.0730375 0.0681224 0.0293432 0.0293432 0.0573515 0.0614250 0.0887178 0.1011424 0.0948444 0.0838098 0.0726658 0.1538717 0.0495590 0.0204425 0.0204425 0.0205325 0.0210494 0.0162741 0.0985809 0.1044794 0.0941981 0.1011298 0.0830773 0.1066702 0.1130620 0.0722355 0.0939337 0.1130620 0.1044794 0.0624457 0.0675978 0.0675978 0.0635198 0.0729110 0.0697111 0.1349971 0.1283625 0.3122439 0.3102319 0.1341233 0.1283625 0.1607963 0.2748082 0.1362794 0.4168735 0.1827258 0.1636226 0.1598879 0.3617524 0.1219441 0.3716919 0.1275068 0.1341233 0.4535883 0.1517360 0.1537537 0.3810433 0.1636226 0.1219441 0.1398759 0.1772664 0.1406273 0.4026565 0.1482480 0.1492996 0.1610775 0.1598879 0.4048655 0.1344608 0.1457749 0.6542116 
Callicebus_personatus        0.0839562 0.1067078 0.0839501 0.0727586 0.0856065 0.0856065 0.0805602 0.0682324 0.0682324 0.0792117 0.0801905 0.0473567 0.0499465 0.0043677 0.0043470 0.0000000 0.0928458 0.1314779 0.1036804 0.1089656 0.1250328 0.1089656 0.1148043 0.0867395 0.0867395 0.0811747 0.0371595 0.0371595 0.0635362 0.0732850 0.1046599 0.1211768 0.1138879 0.1013910 0.0862342 0.1624846 0.0553540 0.0271057 0.0271057 0.0272375 0.0273706 0.0224666 0.1157798 0.1226276 0.1129843 0.1211600 0.0981338 0.1273865 0.1347869 0.0856582 0.1106057 0.1347869 0.1226276 0.0745771 0.0804724 0.0804724 0.0760229 0.0821720 0.0839694 0.1582167 0.1503887 0.3491774 0.3556523 0.1570260 0.1503887 0.1917502 0.2924681 0.1625666 0.4426006 0.2142468 0.1920143 0.1872278 0.4195425 0.1428613 0.4314613 0.1492432 0.1570260 0.5276719 0.1773691 0.1801107 0.4458981 0.1920143 0.1428613 0.1636687 0.2084460 0.1646603 0.4688225 0.1729296 0.1743561 0.1811327 0.1872278 0.4408580 0.1600680 0.1704802 0.6542116 
Callimico_goeldii            0.0730118 0.0988904 0.0617193 0.0578248 0.0564332 0.0564332 0.0520886 0.0433793 0.0433793 0.0547143 0.0553804 0.0534361 0.0635243 0.0868849 0.0784485 0.0928458 0.0000000 0.0720047 0.0522956 0.0520513 0.0655492 0.0520513 0.0566598 0.0570525 0.0570525 0.0524094 0.0693650 0.0693650 0.0762083 0.0581977 0.0717353 0.0786063 0.0616390 0.0406051 0.0385150 0.0830308 0.0565230 0.0629065 0.0629065 0.0632078 0.0649458 0.0581442 0.0617838 0.0766381 0.0612705 0.0672356 0.0570525 0.0724096 0.0668307 0.0383072 0.0669110 0.0668307 0.0766381 0.0472314 0.0520261 0.0520261 0.0480015 0.0522373 0.1140553 0.1513670 0.1443086 0.3606776 0.3623760 0.1503361 0.1443086 0.1753880 0.3008399 0.1528085 0.4479244 0.1984460 0.1789261 0.1748841 0.3633629 0.1374939 0.3909074 0.1316374 0.1503361 0.4790851 0.1663288 0.1811163 0.3777203 0.1789261 0.1374939 0.1541666 0.1931168 0.1550041 0.4406041 0.1625403 0.1637271 0.1757816 0.1748841 0.4366199 0.1507075 0.1602185 0.6983094 
Callithrix_aurita            0.1003997 0.1004914 0.0848343 0.0925360 0.0898708 0.0898708 0.0842244 0.0810541 0.0810541 0.0744045 0.0748286 0.0868864 0.0825477 0.1243692 0.1227371 0.1314779 0.0720047 0.0000000 0.0102059 0.0101502 0.0000026 0.0101502 0.0153185 0.0912108 0.0912108 0.0849503 0.1063131 0.1063131 0.0902282 0.0933475 0.0968562 0.1008347 0.0877014 0.0708291 0.0721437 0.0117055 0.0730828 0.1071634 0.1071634 0.1078441 0.1085329 0.1005631 0.1025670 0.1098099 0.0870805 0.0942578 0.0837148 0.1000965 0.1067732 0.0837753 0.0969261 0.1067732 0.1098099 0.0774943 0.0841288 0.0841288 0.0791780 0.0787010 0.1847168 0.2272009 0.2272009 0.4694958 0.4520699 0.2361094 0.2272009 0.2578532 0.3711590 0.2296032 0.4872438 0.3095906 0.2803259 0.2724771 0.4842889 0.2164479 0.4843841 0.2249352 0.2361094 0.6262252 0.2578720 0.2817276 0.5118710 0.2803259 0.2164479 0.2399720 0.3044361 0.2417380 0.5847372 0.2506462 0.2533825 0.2622152 0.2631173 0.4803107 0.2257129 0.2488720 0.6644452 
Callithrix_geoffroyi         0.0667748 0.1004914 0.0558954 0.0613575 0.0599103 0.0599103 0.0556124 0.0525616 0.0525616 0.0664952 0.0673040 0.0570229 0.0747323 0.0975481 0.0879883 0.1036804 0.0522956 0.0102059 0.0000000 0.0000024 0.0000010 0.0000024 0.0039751 0.0605635 0.0605635 0.0559539 0.0764712 0.0764712 0.0971035 0.0617505 0.0648860 0.0779415 0.0611488 0.0462222 0.0421464 0.0177018 0.0606108 0.0769492 0.0769492 0.0773218 0.0794727 0.0720617 0.0645542 0.0695955 0.0607869 0.0666896 0.0508162 0.0718145 0.0774534 0.0508386 0.0602508 0.0774534 0.0695955 0.0553128 0.0601627 0.0601627 0.0515924 0.0581595 0.1183251 0.1667782 0.1594935 0.3592836 0.3481917 0.1656180 0.1594935 0.2068242 0.3035095 0.1831574 0.4295919 0.2146687 0.1948637 0.1905397 0.3572729 0.1524748 0.3755218 0.1583728 0.1656180 0.4767254 0.1816354 0.1968613 0.3974631 0.1948637 0.1524748 0.1692873 0.2095293 0.1702074 0.4328637 0.1775735 0.1788952 0.1911247 0.1905397 0.4344865 0.1805342 0.1754324 0.6644452 
Callithrix_jacchus           0.0712828 0.1072963 0.0602602 0.0657894 0.0642532 0.0642532 0.0599515 0.0569902 0.0569902 0.0726110 0.0734946 0.0614582 0.0805539 0.1027790 0.0927018 0.1089656 0.0520513 0.0101502 0.0000024 0.0000000 0.0000026 0.0000010 0.0039581 0.0649586 0.0649586 0.0603233 0.0810343 0.0810343 0.1032752 0.0662133 0.0692808 0.0832328 0.0663260 0.0514283 0.0464116 0.0175894 0.0657178 0.0815446 0.0815446 0.0819396 0.0842212 0.0766312 0.0689236 0.0740165 0.0659296 0.0719059 0.0551067 0.0770301 0.0827068 0.0551318 0.0646202 0.0827068 0.0740165 0.0550594 0.0598844 0.0598844 0.0559537 0.0635330 0.1246527 0.1720806 0.1647231 0.3654541 0.3542905 0.1708761 0.1647231 0.2133015 0.3097049 0.1895677 0.4367709 0.2201946 0.2003165 0.1959021 0.3549564 0.1576388 0.3819212 0.1635621 0.1708761 0.4838036 0.1868866 0.2022474 0.4042348 0.2003165 0.1576388 0.1744860 0.2151302 0.1754324 0.4393963 0.1827347 0.1841024 0.1963795 0.1959021 0.4417114 0.1868472 0.1806576 0.6771782 
Callithrix_kuhlii            0.0859053 0.1070480 0.0773139 0.0852936 0.0826728 0.0826728 0.0767418 0.0731153 0.0731153 0.0669296 0.0673040 0.0793288 0.0798461 0.1176038 0.1176038 0.1250328 0.0655492 0.0000026 0.0000010 0.0000026 0.0000000 0.0000026 0.0053450 0.0839576 0.0839576 0.0774253 0.1003168 0.1003168 0.0953925 0.0860748 0.0832700 0.0884462 0.0678790 0.0565464 0.0578612 0.0117055 0.0727392 0.1012220 0.1012220 0.1019062 0.1025998 0.0942495 0.0826689 0.0898802 0.0673878 0.0746500 0.0635551 0.0808512 0.0877631 0.0699077 0.0767876 0.0877631 0.0898802 0.0761750 0.0831776 0.0831776 0.0713670 0.0716170 0.1829560 0.2267306 0.2267306 0.5001426 0.4679054 0.2361876 0.2267306 0.2653726 0.3805411 0.2345588 0.5064560 0.3144746 0.2832573 0.2748525 0.4894664 0.2153355 0.5036025 0.2243333 0.2361876 0.6766262 0.2592841 0.2847006 0.5255617 0.2832573 0.2153355 0.2402837 0.3091058 0.2421602 0.6130466 0.2515954 0.2545107 0.2638887 0.2748525 0.5337728 0.2302345 0.2497281 0.6732911 
Callithrix_penicillata       0.0712828 0.1072963 0.0602602 0.0657894 0.0642532 0.0642532 0.0599515 0.0569902 0.0569902 0.0726110 0.0734946 0.0614582 0.0805539 0.1027790 0.0927018 0.1089656 0.0520513 0.0101502 0.0000024 0.0000010 0.0000026 0.0000000 0.0039581 0.0649586 0.0649586 0.0603233 0.0810343 0.0810343 0.1032752 0.0662133 0.0692808 0.0832328 0.0663260 0.0514283 0.0464116 0.0175894 0.0657178 0.0815446 0.0815446 0.0819396 0.0842212 0.0766312 0.0689236 0.0740165 0.0659296 0.0719059 0.0551067 0.0770301 0.0827068 0.0551318 0.0646202 0.0827068 0.0740165 0.0550594 0.0598844 0.0598844 0.0559537 0.0635330 0.1246527 0.1720806 0.1647231 0.3654541 0.3542905 0.1708761 0.1647231 0.2133015 0.3097049 0.1895677 0.4367709 0.2201946 0.2003165 0.1959021 0.3549564 0.1576388 0.3819212 0.1635621 0.1708761 0.4838036 0.1868866 0.2022474 0.4042348 0.2003165 0.1576388 0.1744860 0.2151302 0.1754324 0.4393963 0.1827347 0.1841024 0.1963795 0.1959021 0.4417114 0.1868472 0.1806576 0.6771782 
Cebuella_pygmaea             0.0761077 0.1072963 0.0648904 0.0705103 0.0688750 0.0688750 0.0645521 0.0616737 0.0616737 0.0791755 0.0801448 0.0661660 0.0868419 0.1085289 0.0978381 0.1148043 0.0566598 0.0153185 0.0039751 0.0039581 0.0053450 0.0039581 0.0000000 0.0696393 0.0696393 0.0649586 0.0859581 0.0859581 0.1100684 0.0709693 0.0739778 0.0889588 0.0718509 0.0569162 0.0508826 0.0236214 0.0711617 0.0865058 0.0865058 0.0869267 0.0893587 0.0815446 0.0735916 0.0787599 0.0714152 0.0774985 0.0596374 0.0826447 0.0883885 0.0596655 0.0692717 0.0883885 0.0787599 0.0505404 0.0552928 0.0552928 0.0605632 0.0692563 0.1317376 0.1782319 0.1707551 0.3737222 0.3623959 0.1769696 0.1707551 0.2210577 0.3176731 0.1971106 0.4469046 0.2268413 0.2067782 0.2022357 0.3633645 0.1635621 0.3905959 0.1695416 0.1769696 0.4941318 0.1930452 0.2086394 0.4135665 0.2067782 0.1635621 0.1805259 0.2218445 0.1815085 0.4486287 0.1887702 0.1901985 0.2025889 0.2022357 0.4519489 0.1942596 0.1867569 0.6771782 
Cebus_albifrons              0.0475661 0.0775548 0.0468872 0.0430327 0.0419841 0.0419841 0.0377698 0.0340407 0.0340407 0.0538113 0.0544594 0.0387536 0.0505306 0.0808580 0.0730375 0.0867395 0.0570525 0.0912108 0.0605635 0.0649586 0.0839576 0.0649586 0.0696393 0.0000000 0.0000010 0.0039703 0.0573858 0.0573858 0.0710292 0.0432974 0.0563593 0.0677576 0.0621051 0.0518062 0.0422333 0.1220340 0.0395666 0.0577280 0.0577280 0.0580029 0.0595878 0.0530226 0.0654085 0.0705346 0.0617306 0.0677495 0.0514625 0.0729646 0.0787136 0.0420061 0.0610429 0.0787136 0.0705346 0.0375531 0.0421320 0.0421320 0.0080132 0.0097581 0.1125888 0.1430688 0.1362262 0.3607407 0.3495843 0.1421189 0.1362262 0.1770779 0.2656839 0.1542468 0.4020321 0.1890866 0.1699715 0.1661392 0.3591794 0.1296128 0.3516033 0.1352994 0.1421189 0.4488485 0.1578824 0.1722429 0.3817688 0.1699715 0.1296128 0.1459806 0.1837237 0.1467629 0.4077104 0.1542937 0.1553937 0.1671992 0.1661392 0.4365532 0.1521038 0.1519022 0.6500975 
Cebus_capucinus              0.0475661 0.0775548 0.0468872 0.0430327 0.0419841 0.0419841 0.0377698 0.0340407 0.0340407 0.0538113 0.0544594 0.0387536 0.0505306 0.0808580 0.0730375 0.0867395 0.0570525 0.0912108 0.0605635 0.0649586 0.0839576 0.0649586 0.0696393 0.0000010 0.0000000 0.0039703 0.0573858 0.0573858 0.0710292 0.0432974 0.0563593 0.0677576 0.0621051 0.0518062 0.0422333 0.1220340 0.0395666 0.0577280 0.0577280 0.0580029 0.0595878 0.0530226 0.0654085 0.0705346 0.0617306 0.0677495 0.0514625 0.0729646 0.0787136 0.0420061 0.0610429 0.0787136 0.0705346 0.0375531 0.0421320 0.0421320 0.0080132 0.0097581 0.1125888 0.1430688 0.1362262 0.3607407 0.3495843 0.1421189 0.1362262 0.1770779 0.2656839 0.1542468 0.4020321 0.1890866 0.1699715 0.1661392 0.3591794 0.1296128 0.3516033 0.1352994 0.1421189 0.4488485 0.1578824 0.1722429 0.3817688 0.1699715 0.1296128 0.1459806 0.1837237 0.1467629 0.4077104 0.1542937 0.1553937 0.1671992 0.1661392 0.4365532 0.1521038 0.1519022 0.6500975 
Cebus_olivaceus              0.0430370 0.0706025 0.0424093 0.0385465 0.0375990 0.0375990 0.0334067 0.0296461 0.0296461 0.0475227 0.0480916 0.0342834 0.0446419 0.0753778 0.0681224 0.0811747 0.0524094 0.0849503 0.0559539 0.0603233 0.0774253 0.0603233 0.0649586 0.0039703 0.0039703 0.0000000 0.0527121 0.0527121 0.0646856 0.0387812 0.0517568 0.0621609 0.0565800 0.0463397 0.0378203 0.1143686 0.0344335 0.0530226 0.0530226 0.0532740 0.0547225 0.0483633 0.0607378 0.0657868 0.0562441 0.0621535 0.0469350 0.0673423 0.0730205 0.0376186 0.0563912 0.0730205 0.0657868 0.0332165 0.0377299 0.0377299 0.0039874 0.0048506 0.1056279 0.1372239 0.1304928 0.3525267 0.3415319 0.1363242 0.1304928 0.1697352 0.2581320 0.1471404 0.3922472 0.1827396 0.1638113 0.1601040 0.3507238 0.1239822 0.3431850 0.1296128 0.1363242 0.4388554 0.1520098 0.1661490 0.3726161 0.1638113 0.1239822 0.1402270 0.1773343 0.1409755 0.3987527 0.1485415 0.1495881 0.1612798 0.1601040 0.4263963 0.1451138 0.1460891 0.6295552 
Cheracebus_lugens            0.0606388 0.0825022 0.0557075 0.0464132 0.0567587 0.0567587 0.0523873 0.0468469 0.0468469 0.0520151 0.0526237 0.0247870 0.0264423 0.0322176 0.0293432 0.0371595 0.0693650 0.1063131 0.0764712 0.0810343 0.1003168 0.0810343 0.0859581 0.0573858 0.0573858 0.0527121 0.0000000 0.0000010 0.0564841 0.0466954 0.0721723 0.0809130 0.0750063 0.0644074 0.0571118 0.1329155 0.0334257 0.0163345 0.0163345 0.0164064 0.0168190 0.0205341 0.0816205 0.0871148 0.0745308 0.0809032 0.0669178 0.0862510 0.0922485 0.0567891 0.0771142 0.0922485 0.0871148 0.0474965 0.0523230 0.0523230 0.0482768 0.0538714 0.0325375 0.1260800 0.1197226 0.3167768 0.3065830 0.1252935 0.1197226 0.1468500 0.2670495 0.1258054 0.4020897 0.1695519 0.1514209 0.1480444 0.3596195 0.1135645 0.3521173 0.1189489 0.1252935 0.4484870 0.1404480 0.1422195 0.3727132 0.1514209 0.1135645 0.1291721 0.1641919 0.1298401 0.3897604 0.1339391 0.1403922 0.1517176 0.1480444 0.3546674 0.1241812 0.1347808 0.5943732 
Cheracebus_torquatus         0.0606388 0.0825022 0.0557075 0.0464132 0.0567587 0.0567587 0.0523873 0.0468469 0.0468469 0.0520151 0.0526237 0.0247870 0.0264423 0.0322176 0.0293432 0.0371595 0.0693650 0.1063131 0.0764712 0.0810343 0.1003168 0.0810343 0.0859581 0.0573858 0.0573858 0.0527121 0.0000010 0.0000000 0.0564841 0.0466954 0.0721723 0.0809130 0.0750063 0.0644074 0.0571118 0.1329155 0.0334257 0.0163345 0.0163345 0.0164064 0.0168190 0.0205341 0.0816205 0.0871148 0.0745308 0.0809032 0.0669178 0.0862510 0.0922485 0.0567891 0.0771142 0.0922485 0.0871148 0.0474965 0.0523230 0.0523230 0.0482768 0.0538714 0.0325375 0.1260800 0.1197226 0.3167768 0.3065830 0.1252935 0.1197226 0.1468500 0.2670495 0.1258054 0.4020897 0.1695519 0.1514209 0.1480444 0.3596195 0.1135645 0.3521173 0.1189489 0.1252935 0.4484870 0.1404480 0.1422195 0.3727132 0.1514209 0.1135645 0.1291721 0.1641919 0.1298401 0.3897604 0.1339391 0.1403922 0.1517176 0.1480444 0.3546674 0.1241812 0.1347808 0.5943732 
Chiropotes_chiropotes        0.0561373 0.0839516 0.0683316 0.0439980 0.0699757 0.0699757 0.0641390 0.0504899 0.0504899 0.0468240 0.0468240 0.0267990 0.0267990 0.0573515 0.0573515 0.0635362 0.0762083 0.0902282 0.0971035 0.1032752 0.0953925 0.1032752 0.1100684 0.0710292 0.0710292 0.0646856 0.0564841 0.0564841 0.0000000 0.0443465 0.0914122 0.0959965 0.0888718 0.0763135 0.0705636 0.1084125 0.0223533 0.0505159 0.0505159 0.0508219 0.0450986 0.0445979 0.1042969 0.1121096 0.0881898 0.0959829 0.0840437 0.1023021 0.1095529 0.0700252 0.0982422 0.1095529 0.1121096 0.0699007 0.0767456 0.0767456 0.0587376 0.0638691 0.1274355 0.1419110 0.1419110 0.4200256 0.4034898 0.1498620 0.1419110 0.1676962 0.2791079 0.1416117 0.4007424 0.2146594 0.1881540 0.1825541 0.4390022 0.1329964 0.4020705 0.1406160 0.1498620 0.5325163 0.1710176 0.1909259 0.4275235 0.1881540 0.1329964 0.1549171 0.2077139 0.1560282 0.4776540 0.1659248 0.1675294 0.1754997 0.1741374 0.4488724 0.1393676 0.1629140 0.5120332 
Lagothrix_lagotricha         0.0378087 0.0756969 0.0420204 0.0245743 0.0428415 0.0428415 0.0385543 0.0245666 0.0245666 0.0276107 0.0279191 0.0289776 0.0373839 0.0677507 0.0614250 0.0732850 0.0581977 0.0933475 0.0617505 0.0662133 0.0860748 0.0662133 0.0709693 0.0432974 0.0432974 0.0387812 0.0466954 0.0466954 0.0443465 0.0000000 0.0574847 0.0693240 0.0635596 0.0474490 0.0385818 0.1251576 0.0283691 0.0469595 0.0469595 0.0471753 0.0391472 0.0424731 0.0666790 0.0670600 0.0631684 0.0650345 0.0524974 0.0688768 0.0804771 0.0428643 0.0586167 0.0804771 0.0670600 0.0428071 0.0475424 0.0475424 0.0344430 0.0426059 0.0879353 0.1240364 0.1176412 0.3424482 0.3318088 0.1232573 0.1176412 0.1527026 0.2537693 0.1310384 0.3838233 0.1677458 0.1495299 0.1461622 0.3441353 0.1114415 0.3203077 0.1168742 0.1232573 0.4191023 0.1385453 0.1519858 0.3555654 0.1495299 0.1114415 0.1271925 0.1623388 0.1278557 0.3909058 0.1353973 0.1363126 0.1475834 0.1461622 0.3753647 0.1292984 0.1328409 0.5850041 
Leontocebus_fuscicollis      0.0673217 0.1008654 0.0563335 0.0524650 0.0557527 0.0557527 0.0514432 0.0576848 0.0576848 0.0671835 0.0680102 0.0527649 0.0692319 0.0984548 0.0887178 0.1046599 0.0717353 0.0968562 0.0648860 0.0692808 0.0832700 0.0692808 0.0739778 0.0563593 0.0563593 0.0517568 0.0721723 0.0721723 0.0914122 0.0574847 0.0000000 0.0000010 0.0142511 0.0570161 0.0560945 0.1208432 0.0503330 0.0726223 0.0726223 0.0729755 0.0750148 0.0677377 0.0330914 0.0376116 0.0241687 0.0293504 0.0203538 0.0342598 0.0394112 0.0557822 0.0289430 0.0394112 0.0376116 0.0557081 0.0606011 0.0606011 0.0473873 0.0526461 0.1188560 0.1623446 0.1550696 0.3657231 0.3545687 0.1612133 0.1550696 0.2017674 0.2784784 0.1779349 0.4167543 0.2104274 0.1905185 0.1862343 0.3552518 0.1480589 0.3648300 0.1539756 0.1612133 0.4632983 0.1773535 0.1925864 0.4044846 0.1905185 0.1480589 0.1649589 0.2051877 0.1597232 0.4211171 0.1733349 0.1746286 0.1869104 0.1862343 0.4419053 0.1753680 0.1711262 0.6227411 
Leontocebus_weddelli         0.0814252 0.1008654 0.0677172 0.0631193 0.0668703 0.0668703 0.0616980 0.0638881 0.0638881 0.0709751 0.0718981 0.0635629 0.0729112 0.1147770 0.1011424 0.1211768 0.0786063 0.1008347 0.0779415 0.0832328 0.0884462 0.0832328 0.0889588 0.0677576 0.0677576 0.0621609 0.0809130 0.0809130 0.0959965 0.0693240 0.0000010 0.0000000 0.0142511 0.0570161 0.0617571 0.1208432 0.0624774 0.0814830 0.0814830 0.0819569 0.0847119 0.0755962 0.0394112 0.0396308 0.0241687 0.0293504 0.0241687 0.0342598 0.0394112 0.0669124 0.0344704 0.0394112 0.0396308 0.0668066 0.0728275 0.0728275 0.0569003 0.0526461 0.1453302 0.1779349 0.1779349 0.4043757 0.3800379 0.1856431 0.1779349 0.2029733 0.3100824 0.1779349 0.4358266 0.2484533 0.2231191 0.2171582 0.4040520 0.1689954 0.3937626 0.1763746 0.1856431 0.5061521 0.2054376 0.2251860 0.4370368 0.2231191 0.1689954 0.1898908 0.2425842 0.1834721 0.4645485 0.1999346 0.2018170 0.2172302 0.2090567 0.4416146 0.1689954 0.1976199 0.6227411 
Leontocebus_fuscus           0.0754790 0.0933618 0.0620697 0.0574773 0.0613029 0.0613029 0.0561669 0.0469916 0.0469916 0.0504385 0.0510801 0.0578742 0.0663248 0.1075360 0.0948444 0.1138879 0.0616390 0.0877014 0.0611488 0.0663260 0.0678790 0.0663260 0.0718509 0.0621051 0.0621051 0.0565800 0.0750063 0.0750063 0.0888718 0.0635596 0.0142511 0.0142511 0.0000000 0.0406443 0.0454060 0.0982375 0.0557882 0.0755265 0.0755265 0.0759630 0.0784992 0.0697137 0.0241672 0.0242970 0.0094862 0.0143958 0.0094862 0.0192084 0.0241672 0.0504678 0.0193214 0.0241672 0.0242970 0.0612448 0.0671548 0.0671548 0.0513624 0.0470412 0.1269251 0.1703082 0.1703082 0.3937837 0.3698112 0.1779149 0.1703082 0.1950386 0.3001405 0.1703082 0.4239042 0.2398184 0.2147892 0.2090335 0.3718913 0.1615447 0.3829186 0.1688311 0.1779149 0.4935128 0.1975983 0.2169649 0.4026302 0.2147892 0.1615447 0.1822456 0.2338276 0.1834592 0.4528709 0.1922891 0.1940741 0.2093015 0.2010340 0.4298288 0.1615447 0.1898776 0.6025321 
Leontopithecus_chrysomelas   0.0706452 0.0853402 0.0462828 0.0526658 0.0511455 0.0511455 0.0460092 0.0366201 0.0366201 0.0445994 0.0451724 0.0474440 0.0543865 0.0950366 0.0838098 0.1013910 0.0406051 0.0708291 0.0462222 0.0514283 0.0565464 0.0514283 0.0569162 0.0518062 0.0518062 0.0463397 0.0644074 0.0644074 0.0763135 0.0474490 0.0570161 0.0570161 0.0406443 0.0000000 0.0048069 0.0857443 0.0501002 0.0648472 0.0648472 0.0652226 0.0609699 0.0590916 0.0566713 0.0570082 0.0404126 0.0460398 0.0404126 0.0511714 0.0566713 0.0404221 0.0515091 0.0566713 0.0570082 0.0510966 0.0568830 0.0568830 0.0411321 0.0359052 0.1321912 0.1432935 0.1432935 0.3784199 0.3541934 0.1506228 0.1432935 0.1671716 0.3025393 0.1432935 0.4509623 0.2017372 0.2017372 0.1883310 0.4112743 0.1350494 0.4002115 0.1420870 0.1506228 0.5247610 0.1700956 0.2041068 0.4100849 0.2017372 0.1350494 0.1552713 0.2203094 0.1562970 0.4745882 0.1654191 0.1668920 0.1816167 0.1883310 0.3930790 0.1350494 0.1626387 0.6069382 
Leontopithecus_rosalia       0.0571239 0.0853402 0.0377824 0.0428381 0.0417986 0.0417986 0.0376044 0.0342386 0.0342386 0.0410208 0.0415052 0.0385796 0.0502285 0.0803963 0.0726658 0.0862342 0.0385150 0.0721437 0.0421464 0.0464116 0.0578612 0.0464116 0.0508826 0.0422333 0.0422333 0.0378203 0.0571118 0.0571118 0.0705636 0.0385818 0.0560945 0.0617571 0.0454060 0.0048069 0.0000000 0.0839064 0.0393623 0.0574505 0.0574505 0.0577226 0.0541399 0.0527713 0.0558122 0.0515120 0.0451467 0.0507963 0.0422333 0.0558906 0.0613833 0.0331082 0.0515102 0.0613833 0.0515120 0.0417658 0.0463896 0.0463896 0.0335795 0.0359052 0.1048574 0.1305249 0.1239682 0.3495704 0.3387145 0.1296878 0.1239682 0.1538110 0.2633800 0.1319542 0.4129851 0.1751002 0.1688130 0.1650320 0.3476953 0.1176187 0.3569911 0.1231466 0.1296878 0.4595735 0.1451660 0.1710800 0.3774881 0.1688130 0.1176187 0.1336069 0.1824155 0.1343115 0.4132335 0.1418626 0.1428410 0.1543135 0.1650320 0.3939585 0.1301876 0.1393579 0.6069382 
Mico_humeralifer             0.1248635 0.1331874 0.1141849 0.1238212 0.1198346 0.1198346 0.1131420 0.1025284 0.1025284 0.0946442 0.0946442 0.1172100 0.1092992 0.1538717 0.1538717 0.1624846 0.0830308 0.0117055 0.0177018 0.0175894 0.0117055 0.0175894 0.0236214 0.1220340 0.1220340 0.1143686 0.1329155 0.1329155 0.1084125 0.1251576 0.1208432 0.1208432 0.0982375 0.0857443 0.0839064 0.0000000 0.1094652 0.1342231 0.1342231 0.1352338 0.1362587 0.1262013 0.1198033 0.1207852 0.0974455 0.1056826 0.0974455 0.1122087 0.1198033 0.1049209 0.1132497 0.1198033 0.1207852 0.1047161 0.1130376 0.1130376 0.1074754 0.1027193 0.2513590 0.2876894 0.2876894 0.5965148 0.5719492 0.2990560 0.2876894 0.3239226 0.4776406 0.2876894 0.6398587 0.3946479 0.3569834 0.3455329 0.6037291 0.2733615 0.6375121 0.2841161 0.2990560 0.8443137 0.3251429 0.3573754 0.6176209 0.3569834 0.2733615 0.3023929 0.3909417 0.3050768 0.7374050 0.3147398 0.3191086 0.3303376 0.3335400 0.6282798 0.2733615 0.3136988 0.7305982 
Pithecia_pithecia            0.0382322 0.0654062 0.0382295 0.0281829 0.0390946 0.0390946 0.0342066 0.0284658 0.0284658 0.0279499 0.0282660 0.0091339 0.0107684 0.0498262 0.0495590 0.0553540 0.0565230 0.0730828 0.0606108 0.0657178 0.0727392 0.0657178 0.0711617 0.0395666 0.0395666 0.0344335 0.0334257 0.0334257 0.0223533 0.0283691 0.0503330 0.0624774 0.0557882 0.0501002 0.0393623 0.1094652 0.0000000 0.0336340 0.0336340 0.0338081 0.0339836 0.0286619 0.0607647 0.0666389 0.0553922 0.0624685 0.0447555 0.0686875 0.0755075 0.0391184 0.0557125 0.0755075 0.0666389 0.0390588 0.0444214 0.0444214 0.0294878 0.0377406 0.0732199 0.1239804 0.1166876 0.3633595 0.3598698 0.1230914 0.1166876 0.1578101 0.2478754 0.1322053 0.3807190 0.1743274 0.1532658 0.1493300 0.3657863 0.1096447 0.3671626 0.1158214 0.1230914 0.4841495 0.1405527 0.1560296 0.4046733 0.1532658 0.1096447 0.1275793 0.1681555 0.1283399 0.4230462 0.1369255 0.1379835 0.1444093 0.1493300 0.4341319 0.1301437 0.1340283 0.5078817 
Plecturocebus_bernhardi      0.0609967 0.0831922 0.0560302 0.0466740 0.0570929 0.0570929 0.0526936 0.0425897 0.0425897 0.0524202 0.0530388 0.0335867 0.0377971 0.0223895 0.0204425 0.0271057 0.0629065 0.1071634 0.0769492 0.0815446 0.1012220 0.0815446 0.0865058 0.0577280 0.0577280 0.0530226 0.0163345 0.0163345 0.0505159 0.0469595 0.0726223 0.0814830 0.0755265 0.0648472 0.0574505 0.1342231 0.0336340 0.0000000 0.0000010 0.0000010 0.0000024 0.0039676 0.0821388 0.0876787 0.0750436 0.0814730 0.0673270 0.0868625 0.0929125 0.0571237 0.0776012 0.0929125 0.0876787 0.0477691 0.0526287 0.0526287 0.0485590 0.0542346 0.0504665 0.1269984 0.1205760 0.3276863 0.3255570 0.1261985 0.1205760 0.1480850 0.2697567 0.1268170 0.4072763 0.1709169 0.1525962 0.1491689 0.3545184 0.1143575 0.3560692 0.1197899 0.1261985 0.4432371 0.1414839 0.1432861 0.3639654 0.1525962 0.1143575 0.1301010 0.1655179 0.1307793 0.3942919 0.1349064 0.1414267 0.1528621 0.1491689 0.3956285 0.1251637 0.1357624 0.6075773 
Plecturocebus_brunneus       0.0609967 0.0831922 0.0560302 0.0466740 0.0570929 0.0570929 0.0526936 0.0425897 0.0425897 0.0524202 0.0530388 0.0335867 0.0377971 0.0223895 0.0204425 0.0271057 0.0629065 0.1071634 0.0769492 0.0815446 0.1012220 0.0815446 0.0865058 0.0577280 0.0577280 0.0530226 0.0163345 0.0163345 0.0505159 0.0469595 0.0726223 0.0814830 0.0755265 0.0648472 0.0574505 0.1342231 0.0336340 0.0000010 0.0000000 0.0000010 0.0000024 0.0039676 0.0821388 0.0876787 0.0750436 0.0814730 0.0673270 0.0868625 0.0929125 0.0571237 0.0776012 0.0929125 0.0876787 0.0477691 0.0526287 0.0526287 0.0485590 0.0542346 0.0504665 0.1269984 0.1205760 0.3276863 0.3255570 0.1261985 0.1205760 0.1480850 0.2697567 0.1268170 0.4072763 0.1709169 0.1525962 0.1491689 0.3545184 0.1143575 0.3560692 0.1197899 0.1261985 0.4432371 0.1414839 0.1432861 0.3639654 0.1525962 0.1143575 0.1301010 0.1655179 0.1307793 0.3942919 0.1349064 0.1414267 0.1528621 0.1491689 0.3956285 0.1251637 0.1357624 0.6075773 
Plecturocebus_caligatus      0.0612826 0.0837658 0.0562900 0.0468871 0.0573616 0.0573616 0.0529416 0.0427851 0.0427851 0.0527496 0.0533760 0.0337386 0.0380173 0.0224975 0.0205325 0.0272375 0.0632078 0.1078441 0.0773218 0.0819396 0.1019062 0.0819396 0.0869267 0.0580029 0.0580029 0.0532740 0.0164064 0.0164064 0.0508219 0.0471753 0.0729755 0.0819569 0.0759630 0.0652226 0.0577226 0.1352338 0.0338081 0.0000010 0.0000010 0.0000000 0.0000024 0.0039846 0.0825397 0.0881114 0.0754742 0.0819468 0.0676507 0.0873665 0.0934549 0.0573926 0.0779806 0.0934549 0.0881114 0.0479916 0.0528763 0.0528763 0.0487891 0.0545502 0.0507709 0.1276660 0.1212016 0.3297414 0.3275859 0.1268570 0.1212016 0.1490192 0.2714534 0.1276044 0.4102910 0.1718571 0.1534235 0.1499636 0.3568364 0.1149436 0.3584110 0.1204070 0.1268570 0.4464651 0.1422227 0.1440453 0.3664702 0.1534235 0.1149436 0.1307732 0.1664372 0.1314584 0.3969339 0.1356021 0.1421646 0.1536670 0.1499636 0.3985399 0.1259301 0.1364677 0.6155330 
