154
Alouatta_belzebul            0.0000000 0.0859782 0.0250796 0.0574574 0.0716329 0.0700742 0.0689813 0.0839523 0.0763313 0.0864210 0.3227172 0.3170471 0.3121767 0.2997788 0.3236353 0.2835984 0.2835984 0.2417758 0.2436228 0.6163031 0.2447800 0.6043288 0.2436228 0.2686704 0.4066623 0.4126579 0.4358451 0.4351429 0.4279532 0.4090138 0.3972769 1.1910505 1.2344857 1.4330419 0.9620955 0.8098329 0.3757775 0.4346128 0.4286931 0.4086488 0.4365321 0.4146052 0.3877389 0.4319102 0.3780492 0.3620538 0.3597525 0.3650165 0.3574209 0.3498768 0.4127708 0.4111818 0.4068130 0.4053137 0.3614473 0.3703569 0.3705509 0.8892252 0.8134745 0.2726734 0.4294584 0.4601810 1.0468895 0.4582525 0.4120444 0.4068017 0.4077570 0.3818792 0.3813921 0.4089788 0.4154294 0.4212494 0.4195451 0.4246052 1.7695692 0.4199431 0.3888930 0.4044078 0.4070953 0.4290669 0.4155861 0.4112472 0.4033508 0.4344447 0.4301600 0.4160140 0.4164188 1.1438500 0.5192878 0.4877265 1.4284509 0.4260481 0.4377142 1.0460602 0.4879332 0.4277378 1.3155730 0.4838129 0.4480469 0.4616946 0.4607949 0.4480577 0.4616470 0.4563606 0.3651098 0.3642572 0.3623837 0.3601868 0.3584132 0.3806064 0.3522551 0.3827068 0.5879040 1.1873712 1.1203203 1.2230451 1.2532119 1.0621483 1.1470086 1.1513430 1.1437670 1.2256468 1.0854236 1.2344971 0.8056664 0.8633046 1.0453818 1.0292564 1.3644074 1.1773292 1.5591383 1.1043476 1.0892438 1.5216357 1.1165524 0.9631316 1.4078535 0.9386991 1.1620311 1.0114812 0.9659071 1.1200000 1.0176869 1.1621379 1.0898933 1.1874529 2.4353956 1.1290961 1.1003584 0.9585259 1.1484205 1.0864586 1.1833883 1.2118023 
Alouatta_caraya              0.0859782 0.0000000 0.0921175 0.0846511 0.0624905 0.0645946 0.0635253 0.1017979 0.0650002 0.0745130 0.3571047 0.3404854 0.3406151 0.3409814 0.3680440 0.3375513 0.3375513 0.2759538 0.2802868 0.6873199 0.2829703 0.6423595 0.2802868 0.3123778 0.4287755 0.4057646 0.4248286 0.4242313 0.4169349 0.4314261 0.4067179 1.3071941 1.3570370 1.6070129 1.1697560 0.9789402 0.4186383 0.4673553 0.4673328 0.4593233 0.4758609 0.4522612 0.3996021 0.4774294 0.4344813 0.4214329 0.4072630 0.4186283 0.4166639 0.4029386 0.4369248 0.4326639 0.4549801 0.4492685 0.3752811 0.4045739 0.3927453 0.9520684 0.8695327 0.2958064 0.4534085 0.4985040 0.9848861 0.4828405 0.4500882 0.4360176 0.4108337 0.3867370 0.4168909 0.4506945 0.4343675 0.4530727 0.4570672 0.4620731 1.8868590 0.4553627 0.4319499 0.4660337 0.4669778 0.4710980 0.4702125 0.4707269 0.4624315 0.4967786 0.4839142 0.4706534 0.4904729 1.3472786 0.5397088 0.5466036 1.4664974 0.4495362 0.4770827 1.0010963 0.5123792 0.4457724 1.2848479 0.5290032 0.4858286 0.4944673 0.5022017 0.4785180 0.5028982 0.4937652 0.3926697 0.4019084 0.3999809 0.3939167 0.3958831 0.3979688 0.3998292 0.4058575 0.6257286 1.2040085 1.1420659 1.2398695 1.2620234 1.0549038 1.1700368 1.1710646 1.1603805 1.2952873 1.0852806 1.2692301 0.8159484 0.8584007 0.9995827 0.9799308 1.4288000 1.1902950 1.5231618 1.1225815 1.0907503 1.5077275 1.1415095 0.9278852 1.4052829 0.8858046 1.1613714 1.0569538 0.9851022 1.1148680 1.0299934 1.2248424 1.0539716 1.1785697 2.4227970 1.1289336 1.1274910 0.9384589 1.1681546 1.1059625 1.1814840 1.2298487 
Alouatta_discolor            0.0250796 0.0921175 0.0000000 0.0660524 0.0749941 0.0757479 0.0724586 0.0912102 0.0820061 0.0902537 0.3300853 0.3272833 0.3223646 0.3216275 0.3378103 0.2932799 0.2932799 0.2435865 0.2533889 0.6159731 0.2500755 0.5874606 0.2533889 0.2635283 0.4117261 0.3999601 0.4274017 0.4226292 0.4153062 0.4141548 0.4071489 1.2024547 1.2456684 1.5200900 1.0117695 0.8414474 0.3739551 0.4108668 0.4131239 0.3927545 0.4209090 0.3990627 0.3826176 0.4248263 0.3994978 0.3833216 0.3771368 0.3830816 0.3786740 0.3710505 0.4279019 0.4219133 0.4220986 0.4206273 0.3540438 0.3671114 0.3672933 0.9065837 0.8275995 0.2717134 0.4394386 0.4664526 1.1033292 0.4620651 0.4188374 0.4158246 0.4045480 0.3825281 0.3695323 0.4098886 0.4103173 0.4161087 0.4185116 0.4236143 1.7512218 0.4189228 0.3880894 0.4071745 0.4190545 0.4327003 0.4094898 0.4062153 0.4151779 0.4380738 0.4349080 0.4218188 0.4311409 1.1683882 0.5147415 0.4826596 1.4040992 0.4119805 0.4290040 1.0698788 0.4763965 0.4181276 1.3589493 0.4832685 0.4522138 0.4591856 0.4582721 0.4498869 0.4591488 0.4562091 0.3853718 0.3805551 0.3826287 0.3806284 0.3786928 0.3969590 0.3765393 0.3949457 0.6066987 1.2005845 1.1384797 1.2040417 1.2334181 1.0759706 1.1704735 1.1639567 1.1380402 1.2385813 1.1019299 1.2571703 0.8146801 0.8605659 1.0464197 1.0248725 1.3792951 1.1829223 1.5343456 1.1301191 1.1103160 1.5494530 1.1307191 0.9725068 1.3804046 0.9499407 1.1674480 1.0313277 0.9895773 1.1397590 1.0368985 1.1831953 1.1052998 1.2033011 2.6240214 1.1434854 1.1146087 0.9742855 1.1384276 1.0897124 1.1978790 1.2021946 
Alouatta_guariba             0.0574574 0.0846511 0.0660524 0.0000000 0.0789436 0.0751307 0.0740233 0.0875423 0.0862371 0.0920529 0.3409173 0.3309692 0.3310920 0.3333922 0.3397158 0.3152356 0.3152356 0.2485752 0.2584120 0.6030871 0.2630208 0.5675769 0.2584120 0.2792799 0.4284439 0.4058274 0.4204763 0.4199295 0.4127112 0.4330354 0.4067658 1.1452819 1.1840176 1.3828045 1.0189868 0.8508664 0.3875276 0.4088548 0.4150108 0.4035950 0.4224841 0.4015021 0.3818708 0.4141694 0.3824096 0.3736898 0.3673666 0.3811630 0.3689189 0.3668083 0.4008742 0.4101356 0.4056618 0.4085272 0.3679712 0.3595608 0.3555733 0.7704498 0.7141005 0.2732590 0.4430691 0.4724687 0.9645339 0.4565351 0.4198854 0.4182471 0.3870937 0.3762332 0.3814725 0.3907189 0.3894650 0.4073394 0.4014753 0.4066319 1.5033529 0.4020496 0.4106738 0.4268127 0.4172681 0.4437172 0.4199584 0.4152967 0.4179174 0.4548635 0.4471003 0.4189029 0.4332240 1.1771570 0.4984113 0.4998881 1.4532083 0.4233125 0.4336826 1.0001567 0.4641584 0.4208188 1.2396274 0.4912187 0.4757249 0.4741499 0.4733813 0.4690518 0.4764250 0.4623200 0.3833588 0.3884179 0.3865046 0.3844757 0.3824415 0.3884577 0.3842893 0.3904966 0.5860318 1.2263686 1.1587038 1.2944677 1.3271205 1.0904636 1.1900250 1.2011811 1.1931600 1.2668704 1.1081076 1.2570232 0.8382750 0.8782075 1.0765844 1.0426796 1.4050554 1.2118833 1.5224656 1.1594484 1.1330319 1.5117694 1.1730490 0.9847428 1.4045313 0.9448300 1.2017778 1.0637787 1.0023169 1.1754159 1.0665503 1.1942879 1.0974410 1.2291172 2.5686356 1.1838548 1.1616974 0.9973568 1.2037018 1.1261148 1.2178085 1.2358264 
Alouatta_juara               0.0716329 0.0624905 0.0749941 0.0789436 0.0000000 0.0502839 0.0554385 0.0865143 0.0096312 0.0564377 0.3339448 0.3263876 0.3300890 0.3242804 0.3477395 0.3117266 0.3117266 0.2784324 0.2803519 0.6880545 0.2794201 0.6607477 0.2803519 0.2969803 0.4361859 0.4095246 0.4220994 0.4215393 0.4143625 0.4388809 0.4124484 1.2013048 1.2537541 1.4578503 1.0938013 0.9642153 0.3918537 0.4526045 0.4284945 0.4125913 0.4363372 0.4144007 0.3935465 0.4602560 0.4040984 0.4010051 0.3910529 0.3956179 0.3963845 0.3794125 0.4309732 0.4331197 0.4184293 0.4060127 0.3668624 0.3719613 0.3699660 0.8815922 0.7986848 0.2889263 0.4562809 0.4911947 0.9736732 0.4654489 0.4257285 0.4071054 0.3964819 0.3911109 0.3987061 0.4537045 0.4376933 0.4578151 0.4616742 0.4665637 1.7845710 0.4561178 0.4169110 0.4517323 0.4473296 0.4478085 0.4353250 0.4431140 0.4430348 0.4619718 0.4732099 0.4341596 0.4620241 1.2925576 0.5201443 0.4984162 1.5357879 0.4423289 0.4709213 1.0514073 0.5049175 0.4450742 1.3205497 0.4892599 0.4695299 0.4802030 0.4835630 0.4769454 0.4781239 0.4793462 0.3703280 0.3792645 0.3773845 0.3753098 0.3773845 0.3950757 0.3712129 0.3871878 0.6244888 1.2197447 1.1506729 1.2450617 1.2873350 1.0568983 1.1747482 1.1716890 1.1975298 1.2637204 1.0945345 1.2596487 0.8480160 0.8744175 1.0202306 0.9938292 1.3798722 1.1792448 1.5306644 1.1309101 1.1094024 1.5280921 1.1879336 0.9497523 1.4028123 0.9304330 1.1559401 1.0280357 1.0090176 1.1610465 1.0266807 1.1944275 1.0650439 1.2172393 2.5362682 1.1410315 1.1799909 0.9454307 1.2015904 1.0939188 1.2447159 1.2261763 
Alouatta_macconnelli         0.0700742 0.0645946 0.0757479 0.0751307 0.0502839 0.0000000 0.0088172 0.0908877 0.0525618 0.0539681 0.3275936 0.3286369 0.3251903 0.3264851 0.3324675 0.2919096 0.2919096 0.2459486 0.2477963 0.6126507 0.2452962 0.5946538 0.2477963 0.2693670 0.3945927 0.3884099 0.4005990 0.4002503 0.3929899 0.3988293 0.3794187 1.1855384 1.2204322 1.4532857 1.0684821 0.9197212 0.3551583 0.4068781 0.4132814 0.3972970 0.4209962 0.3993421 0.3652574 0.4167334 0.3742488 0.3752063 0.3576401 0.3824892 0.3705818 0.3532263 0.4041605 0.4090591 0.4111253 0.3987206 0.3347821 0.3319897 0.3237974 0.8050233 0.7139874 0.2562850 0.4108175 0.4554576 0.9326652 0.4188810 0.4276580 0.4116543 0.3709850 0.3496429 0.3758668 0.4093159 0.4068522 0.4195148 0.4157258 0.4207830 1.7349724 0.4182259 0.4173995 0.4291949 0.4360043 0.4503758 0.4222799 0.4218501 0.4318682 0.4577370 0.4516073 0.4257338 0.4465675 1.2717894 0.4924936 0.4899805 1.5278112 0.4205270 0.4298869 1.0028921 0.4750891 0.4080111 1.3278438 0.4763677 0.4826892 0.4850724 0.4884512 0.4698149 0.4749982 0.4882932 0.3584830 0.3674970 0.3655923 0.3674534 0.3655923 0.3598271 0.3633939 0.3698369 0.5924414 1.2079816 1.1347388 1.2436231 1.2804996 1.0520765 1.1518899 1.1643320 1.1906347 1.2682456 1.0916253 1.2331084 0.8121725 0.8464280 1.0197254 0.9888731 1.3719681 1.1907337 1.5076780 1.1278232 1.0868331 1.5273308 1.1698352 0.9665391 1.4084609 0.9104786 1.1526272 1.0392472 1.0119439 1.1642431 1.0311741 1.2098315 1.0708239 1.2227649 2.5028870 1.1477295 1.1619371 0.9478196 1.2020438 1.0840864 1.2272353 1.2229442 
Alouatta_nigerrima           0.0689813 0.0635253 0.0724586 0.0740233 0.0554385 0.0088172 0.0000000 0.0922427 0.0557793 0.0605532 0.3196324 0.3206603 0.3171845 0.3186931 0.3243905 0.2935026 0.2935026 0.2507178 0.2560258 0.6256111 0.2466426 0.6078141 0.2560258 0.2732181 0.4062768 0.3999678 0.4166793 0.4120248 0.4047375 0.4106807 0.3907884 1.1942068 1.2380199 1.4597403 1.0767669 0.9076588 0.3611943 0.4124294 0.4167736 0.4070331 0.4308707 0.4089374 0.3743451 0.4222788 0.3764852 0.3718637 0.3503832 0.3790656 0.3672252 0.3497993 0.3959933 0.4011111 0.4029715 0.3948846 0.3369452 0.3344632 0.3261788 0.8167728 0.7255071 0.2613756 0.4154119 0.4562137 0.9438933 0.4236725 0.4249577 0.4176066 0.3805012 0.3589490 0.3851797 0.4139638 0.4163008 0.4303270 0.4224327 0.4274913 1.7604963 0.4289175 0.4223227 0.4322081 0.4390945 0.4553669 0.4297178 0.4277760 0.4349036 0.4717586 0.4522556 0.4440964 0.4540179 1.2648251 0.4892089 0.5038389 1.5464598 0.4287752 0.4387724 1.0144534 0.4802825 0.4161897 1.3416948 0.4946950 0.4816458 0.4840601 0.4874544 0.4686959 0.4739125 0.4872933 0.3635198 0.3725767 0.3706658 0.3725789 0.3666150 0.3648460 0.3684593 0.3708766 0.5882990 1.2077278 1.1404216 1.2592858 1.2833126 1.0603292 1.1595569 1.1685872 1.1870868 1.2859338 1.1024943 1.2445916 0.8164340 0.8604161 1.0275774 0.9969456 1.3772082 1.1916235 1.5082961 1.1422088 1.0949904 1.5296839 1.1756518 0.9629667 1.4054246 0.9105797 1.1599081 1.0442939 1.0129560 1.1618573 1.0255031 1.2086242 1.0718427 1.2203628 2.5270865 1.1456047 1.1711419 0.9559824 1.2031339 1.0969357 1.2281876 1.2226251 
Alouatta_palliata            0.0839523 0.1017979 0.0912102 0.0875423 0.0865143 0.0908877 0.0922427 0.0000000 0.0912929 0.1084707 0.3301421 0.3356122 0.3272593 0.3247396 0.3428174 0.3126984 0.3126984 0.2562685 0.2637067 0.5920962 0.2546368 0.5859293 0.2637067 0.2693130 0.3978803 0.3876775 0.4017596 0.4014022 0.3942005 0.4062471 0.3848327 1.1030211 1.1646421 1.3207413 0.9812572 0.8355916 0.3825375 0.4173786 0.4235832 0.4039529 0.4271603 0.4058551 0.3521979 0.4036368 0.4004291 0.3917515 0.3867016 0.3878944 0.3871061 0.3718361 0.4121500 0.4146594 0.4084928 0.4112104 0.3554264 0.3644010 0.3663996 0.7886855 0.7304163 0.2710265 0.4210620 0.4575235 0.9229379 0.4504220 0.3988708 0.3957694 0.3767539 0.3535340 0.3585700 0.3931611 0.3876867 0.4013058 0.4037448 0.4026833 1.4887581 0.3961445 0.4216625 0.4178273 0.4175015 0.4428073 0.4353593 0.4314504 0.4137086 0.4385254 0.4485841 0.4362100 0.4425447 1.1172901 0.5329578 0.4847924 1.3838304 0.4418360 0.4772848 1.0164240 0.4990877 0.4571459 1.2100707 0.4802562 0.4716284 0.4759367 0.4728677 0.4809624 0.4781510 0.4814572 0.3822361 0.3853073 0.3834354 0.3814235 0.3794614 0.3945337 0.3806297 0.3905800 0.6118136 1.2104899 1.1672452 1.2298232 1.2456932 1.0854767 1.1828968 1.2088240 1.1547157 1.2935375 1.1182209 1.2706125 0.8186876 0.8745386 1.0463454 1.0370970 1.3896537 1.1974497 1.5538608 1.1407616 1.1257866 1.4952384 1.1738685 0.9664487 1.4475106 0.9264298 1.1906307 1.0203119 0.9722650 1.1402434 1.0188397 1.1700361 1.0923549 1.1902312 2.4458148 1.1739339 1.1612124 0.9782200 1.1519664 1.1260601 1.2036738 1.2439904 
Alouatta_seniculus           0.0763313 0.0650002 0.0820061 0.0862371 0.0096312 0.0525618 0.0557793 0.0912929 0.0000000 0.0566653 0.3326330 0.3165730 0.3202553 0.3181989 0.3411981 0.3092672 0.3092672 0.2728350 0.2828436 0.6880545 0.2655279 0.6607477 0.2828436 0.2893363 0.4297527 0.4113973 0.4197613 0.4192316 0.4121376 0.4343117 0.4063052 1.2013048 1.2537541 1.4651573 1.0860521 0.9578388 0.3818999 0.4470805 0.4231898 0.4074744 0.4308799 0.4093389 0.3957811 0.4526776 0.4051781 0.3984346 0.3886060 0.3891860 0.3938699 0.3733598 0.4147868 0.4172785 0.4065765 0.3985978 0.3689390 0.3641600 0.3620964 0.8871027 0.8046848 0.2901629 0.4465248 0.4784148 0.9684623 0.4488064 0.4069574 0.4017271 0.3997750 0.3863754 0.3979237 0.4471493 0.4352708 0.4531260 0.4531389 0.4580090 1.7845710 0.4514968 0.4158452 0.4501925 0.4458183 0.4506775 0.4340045 0.4512886 0.4415936 0.4560726 0.4756670 0.4372030 0.4516853 1.2923249 0.5020672 0.4891930 1.5357879 0.4344532 0.4578920 1.0511871 0.5123235 0.4329140 1.3258402 0.4801527 0.4645005 0.4751702 0.4784596 0.4640001 0.4731225 0.4806010 0.3776987 0.3866481 0.3847705 0.3827642 0.3807837 0.3906540 0.3786016 0.3944994 0.6214192 1.1961003 1.1318360 1.2583132 1.2907924 1.0408446 1.1617532 1.1518576 1.2128574 1.2813515 1.0722335 1.2447319 0.8304520 0.8662986 1.0074032 0.9881432 1.3987737 1.1634614 1.5510450 1.1164859 1.0824839 1.5130542 1.2020859 0.9448471 1.4222455 0.9143599 1.1403155 1.0372980 0.9995111 1.1756962 1.0342882 1.1833149 1.0783331 1.2267226 2.5353231 1.1518326 1.1939930 0.9404410 1.2251574 1.0817699 1.2585939 1.2095959 
Alouatta_puruensis           0.0864210 0.0745130 0.0902537 0.0920529 0.0564377 0.0539681 0.0605532 0.1084707 0.0566653 0.0000000 0.3585244 0.3427888 0.3376125 0.3298574 0.3721179 0.3340196 0.3340196 0.2610947 0.2665198 0.6312015 0.2637177 0.6269907 0.2665198 0.2789281 0.4235581 0.4172743 0.4405537 0.4398033 0.4326248 0.4322281 0.4058661 1.1675069 1.2004934 1.4244502 1.0651507 0.9829497 0.3829293 0.4458943 0.4344765 0.4182095 0.4425707 0.4187760 0.3694752 0.4429846 0.4333030 0.4213883 0.4207237 0.4206217 0.4166907 0.4050702 0.4126589 0.3976731 0.4040777 0.3979127 0.3748482 0.3960876 0.3881433 0.8209753 0.7351855 0.2943725 0.4316738 0.4891330 0.9587028 0.4471657 0.4303397 0.4070669 0.3986081 0.3702848 0.4099041 0.4465649 0.4352917 0.4498037 0.4498427 0.4548938 1.6519238 0.4521469 0.4559648 0.4656214 0.4798170 0.4914368 0.4629717 0.4516408 0.4752336 0.4914952 0.4970835 0.4786223 0.4675635 1.1993668 0.5219432 0.5366891 1.5796138 0.4484525 0.4619423 1.1101927 0.4996952 0.4347370 1.3612889 0.5272276 0.5045736 0.5237378 0.5275214 0.4824975 0.5110367 0.5193975 0.4023033 0.4013496 0.4034817 0.4016247 0.3994377 0.4083199 0.4033316 0.4060494 0.5848861 1.2433193 1.1735397 1.2637056 1.2850817 1.1012003 1.2050696 1.2092758 1.2271867 1.2023773 1.1249840 1.2677166 0.8315499 0.8779205 1.0656971 1.0450763 1.3089803 1.2299255 1.6219107 1.1681529 1.1501333 1.5129545 1.2209100 0.9902307 1.4389245 0.9430280 1.1980517 1.0631241 1.0171760 1.1981770 1.0614686 1.2069282 1.1111261 1.2720727 2.4636185 1.2138912 1.2047178 0.9906122 1.2511652 1.1262277 1.2881255 1.2344800 
Aotus_azarae                 0.3227172 0.3571047 0.3300853 0.3409173 0.3339448 0.3275936 0.3196324 0.3301421 0.3326330 0.3585244 0.0000000 0.0810058 0.0785897 0.0931393 0.0263049 0.0899240 0.0899240 0.3208659 0.3194575 0.7042733 0.3244085 0.6924792 0.3194575 0.3282765 0.4064278 0.3999498 0.4018310 0.4014887 0.4063991 0.4097968 0.4082948 1.0559680 1.0370382 1.3442449 1.0552208 1.0745549 0.3727323 0.4675914 0.4476156 0.4511445 0.4495447 0.4407145 0.3932302 0.4485739 0.4106228 0.3937104 0.3898916 0.4043001 0.3928612 0.3913133 0.4275522 0.4256907 0.3795779 0.4085047 0.3959357 0.3935398 0.3843196 0.7852616 0.7236503 0.3140779 0.4362236 0.4810368 0.9721115 0.4863339 0.4549706 0.4549152 0.4177930 0.4145145 0.4473808 0.4430159 0.4234111 0.4429467 0.4313297 0.4323189 1.5704592 0.4414394 0.3990450 0.4532700 0.4289481 0.4270627 0.4207240 0.4168617 0.4226162 0.4271576 0.4509739 0.4236131 0.4274679 1.1512987 0.4918154 0.4815658 1.3603533 0.4134781 0.4047021 1.0271477 0.4471957 0.4140171 1.0168818 0.4759119 0.5180162 0.5356402 0.5392924 0.4999720 0.5199138 0.5291642 0.4162457 0.4190282 0.4136060 0.4130853 0.4098993 0.4060580 0.4052378 0.4125367 0.5800007 1.1809303 1.1167560 1.2538262 1.3104727 1.0613364 1.1647909 1.1489815 1.0863694 1.2588091 1.0744152 1.1823548 0.8192560 0.8730924 1.0650864 1.0673206 1.3066442 1.1357498 1.6036268 1.0874369 1.0790322 1.3204011 1.0749399 0.9866718 1.4103194 0.9012860 1.1604480 0.9616234 1.0387374 1.1151915 0.9739981 1.0687750 1.0465854 1.0960976 2.1266302 1.0055353 1.0594705 0.9909529 1.2506625 1.1185310 1.0837063 1.0687196 
Aotus_griseimembra           0.3170471 0.3404854 0.3272833 0.3309692 0.3263876 0.3286369 0.3206603 0.3356122 0.3165730 0.3427888 0.0810058 0.0000000 0.0031549 0.0672231 0.0761283 0.0798485 0.0798485 0.3297423 0.3284298 0.7696874 0.3459349 0.7310191 0.3284298 0.3371744 0.4155792 0.4097463 0.4166155 0.4161377 0.4209395 0.4189523 0.4103603 1.1747619 1.1517397 1.3997467 1.1168678 1.1793691 0.3647213 0.4503619 0.3998478 0.3997208 0.4010643 0.3977221 0.3889126 0.4110198 0.3986842 0.3872732 0.3727875 0.3920668 0.3864383 0.3677675 0.3824236 0.3776412 0.3598442 0.3849752 0.4138080 0.4052157 0.3986785 0.8896097 0.8113543 0.3082044 0.4120151 0.4509547 0.9652674 0.4306957 0.4143384 0.4181741 0.3955712 0.3942856 0.4074589 0.4106925 0.4005545 0.4184433 0.4069925 0.4079325 1.5756062 0.4133434 0.3734323 0.4262197 0.4113905 0.4252513 0.4158762 0.4008565 0.4053685 0.4027947 0.4127471 0.4108350 0.4085020 1.1596360 0.5067830 0.4459212 1.4237904 0.3925281 0.3954912 1.0059657 0.4814546 0.3999806 1.1254044 0.4421117 0.4921666 0.4968740 0.4922555 0.4772637 0.4805470 0.5001650 0.3837221 0.3921075 0.3866227 0.3891835 0.3828775 0.3876444 0.3782287 0.3848090 0.5360555 1.1886132 1.1496696 1.3034828 1.3014477 1.0630908 1.1898521 1.1389175 1.1228976 1.2477594 1.1059172 1.2101245 0.7976881 0.8611938 1.0500865 1.0347754 1.3075952 1.1914397 1.6192175 1.0946760 1.1041828 1.2388379 1.1072426 0.9840690 1.4253262 0.8478758 1.1666791 1.0124356 1.0211339 1.1485383 0.9971168 1.0870049 1.0683483 1.1488021 2.4220259 1.0348598 1.1003365 0.9860771 1.2753015 1.1312398 1.1362445 1.1255898 
Aotus_lemurinus              0.3121767 0.3406151 0.3223646 0.3310920 0.3300890 0.3251903 0.3171845 0.3272593 0.3202553 0.3376125 0.0785897 0.0031549 0.0000000 0.0649979 0.0737745 0.0798673 0.0798673 0.3262434 0.3249015 0.7590008 0.3384765 0.7197470 0.3249015 0.3336199 0.4059428 0.4060874 0.4128676 0.4124237 0.4172584 0.4092754 0.4047695 1.1663650 1.1433545 1.3928344 1.1091458 1.1721870 0.3574050 0.4505381 0.4059360 0.4057767 0.4072373 0.4037039 0.3831346 0.4111895 0.4006152 0.3837427 0.3746230 0.3884607 0.3829111 0.3695795 0.3818816 0.3771247 0.3594532 0.3844022 0.4120180 0.4091297 0.4026673 0.8989529 0.8213766 0.3048352 0.4021981 0.4407583 0.9575148 0.4268102 0.4082378 0.4078432 0.3957287 0.3944426 0.4076267 0.4049537 0.4007151 0.4127004 0.4012570 0.4021877 1.5695736 0.4076504 0.3715319 0.4240762 0.4093142 0.4254469 0.4092707 0.3946026 0.4033331 0.3961488 0.4061216 0.4110235 0.4017857 1.1528892 0.5069846 0.4501057 1.4311988 0.3926955 0.3956577 1.0139076 0.4816408 0.4001507 1.1332398 0.4462836 0.4923712 0.4970770 0.4924604 0.4733818 0.4807484 0.5003707 0.3838708 0.3867557 0.3812585 0.3837435 0.3775059 0.3823880 0.3728600 0.3795072 0.5363250 1.1826121 1.1499803 1.2956701 1.3010581 1.0669480 1.1856762 1.1344645 1.1151429 1.2481036 1.1046582 1.2101069 0.7979861 0.8581013 1.0467600 1.0316010 1.3007315 1.1905428 1.6134411 1.0898018 1.1131908 1.2288705 1.1108577 0.9843809 1.4245823 0.8481722 1.1683896 1.0073410 1.0214571 1.1422036 1.0063468 1.0857150 1.0652548 1.1524975 2.4203988 1.0351974 1.0989668 0.9863969 1.2672560 1.1282756 1.1316017 1.1207007 
Aotus_nancymaae              0.2997788 0.3409814 0.3216275 0.3333922 0.3242804 0.3264851 0.3186931 0.3247396 0.3181989 0.3298574 0.0931393 0.0672231 0.0649979 0.0000000 0.0822714 0.0891995 0.0891995 0.3272835 0.3245455 0.7213878 0.3478325 0.6743521 0.3245455 0.3432314 0.3786746 0.3772970 0.3882946 0.3880817 0.3890993 0.3759478 0.3740603 1.1113983 1.0902635 1.3170763 1.0560185 1.1416970 0.3542419 0.4597166 0.4208137 0.4146402 0.4283226 0.4085526 0.3766089 0.4016293 0.3758852 0.3607838 0.3556078 0.3673551 0.3599955 0.3579858 0.3627489 0.3622015 0.3516650 0.3715858 0.3899967 0.3783360 0.3675198 0.8465529 0.7742296 0.3154884 0.4051368 0.4418298 0.9389954 0.4419440 0.4144318 0.4057695 0.3783768 0.3847868 0.4119052 0.3826402 0.3673357 0.3882954 0.3771112 0.3779825 1.3556595 0.3796717 0.3736617 0.4073790 0.4017675 0.4304472 0.4039181 0.3897564 0.3958155 0.3990048 0.4134785 0.4159759 0.4059902 1.2005562 0.4912413 0.4610407 1.3460418 0.4061847 0.4176393 1.0190602 0.4674491 0.4274164 1.0568805 0.4532447 0.4868896 0.4751414 0.4702976 0.4539418 0.4732650 0.4868088 0.3662309 0.3654243 0.3636572 0.3615968 0.3599116 0.3598218 0.3590671 0.3595976 0.5103790 1.1751023 1.1172206 1.2592911 1.2474598 1.0569456 1.1778534 1.1168568 1.0894229 1.2007424 1.1149048 1.1848085 0.8105011 0.8330835 1.0305889 1.0236907 1.2741703 1.2031058 1.5840318 1.0989343 1.0964289 1.2665721 1.1064740 0.9672722 1.4333053 0.8312745 1.1640246 0.9772066 0.9955078 1.1172773 1.0009872 1.0761813 1.0483627 1.1225281 2.2972914 1.0248955 1.0878259 0.9441095 1.2552023 1.1384113 1.1061763 1.0768866 
Aotus_nigriceps              0.3236353 0.3680440 0.3378103 0.3397158 0.3477395 0.3324675 0.3243905 0.3428174 0.3411981 0.3721179 0.0263049 0.0761283 0.0737745 0.0822714 0.0000000 0.0825712 0.0825712 0.3105214 0.3141513 0.6981562 0.3190669 0.6868064 0.3141513 0.3264955 0.3786007 0.3869279 0.3923901 0.3921385 0.3931503 0.3777970 0.3762003 1.1304712 1.1210925 1.3672499 1.1229308 1.1754746 0.3548958 0.4580228 0.4307134 0.4322594 0.4363289 0.4162814 0.4050126 0.4292832 0.4011061 0.3934575 0.3772102 0.3946429 0.3979676 0.3786441 0.4102608 0.4059250 0.3666659 0.3933622 0.4079706 0.3867103 0.3799849 0.8687905 0.7936702 0.3204502 0.4243886 0.4581721 1.0102088 0.4621013 0.4351795 0.4390787 0.4180069 0.4241401 0.4409802 0.3977507 0.3891295 0.4016245 0.3901520 0.3910675 1.4831127 0.4005804 0.3876787 0.4437026 0.4194887 0.4314471 0.4065850 0.4112488 0.4132794 0.4222505 0.4324348 0.4211160 0.4179466 1.2328197 0.4721211 0.4641509 1.4443805 0.4005277 0.3997290 1.0878993 0.4394204 0.4175669 1.0686996 0.4584741 0.5213706 0.5343583 0.5380375 0.5047185 0.5184608 0.5341466 0.3899262 0.3890784 0.3836155 0.3866281 0.3836155 0.3804528 0.3827299 0.3902914 0.5510597 1.2058332 1.1462883 1.2551079 1.3072241 1.0865758 1.1931030 1.1545621 1.1253377 1.2549596 1.0982284 1.2090603 0.8454549 0.8706040 1.1079709 1.0913643 1.3045364 1.1659514 1.5857438 1.1073968 1.1121190 1.3344844 1.1147711 1.0049936 1.4381912 0.8871676 1.1911519 1.0037278 1.0619699 1.1451110 0.9995161 1.0698939 1.0664794 1.1181266 2.2338713 1.0285178 1.0927348 1.0171772 1.2509385 1.1534405 1.1149837 1.1037504 
Aotus_trivirgatus            0.2835984 0.3375513 0.2932799 0.3152356 0.3117266 0.2919096 0.2935026 0.3126984 0.3092672 0.3340196 0.0899240 0.0798485 0.0798673 0.0891995 0.0825712 0.0000000 0.0000010 0.3290519 0.3277476 0.7133269 0.3500936 0.7031764 0.3277476 0.3563000 0.4205364 0.4022360 0.4120951 0.4116575 0.4126286 0.4220580 0.4086815 0.9812394 1.0572191 1.2365631 0.9611758 1.0134300 0.3754395 0.4697412 0.4129295 0.4005003 0.4164023 0.3964369 0.3856864 0.3960997 0.4089032 0.3976959 0.3848845 0.4026828 0.3968567 0.3745500 0.3860181 0.3934467 0.3577013 0.3799914 0.4033313 0.3749280 0.3807413 0.8405917 0.7699371 0.3216750 0.4181216 0.4636635 0.9949904 0.4451693 0.4341470 0.4401357 0.3970613 0.4016221 0.3916901 0.3823705 0.3805324 0.3882067 0.3766644 0.3775628 1.5996687 0.3872999 0.3941860 0.4507631 0.4273275 0.4277491 0.4117617 0.4035384 0.4212427 0.4220568 0.4308522 0.4253127 0.4125072 1.0996095 0.4990065 0.4492779 1.4133962 0.3831259 0.4025247 1.0479293 0.4838731 0.4243524 1.1267412 0.4424769 0.4831651 0.4903515 0.4856224 0.4891734 0.4901160 0.4976176 0.3739277 0.3693469 0.3675662 0.3698619 0.3713279 0.3652737 0.3629317 0.3671467 0.5507941 1.1717668 1.1389903 1.2529297 1.2733095 1.0392650 1.1847208 1.1456918 1.0838847 1.2653468 1.1271029 1.1974427 0.8120903 0.8232366 1.0465447 1.0503910 1.2885471 1.1836255 1.5848160 1.0986555 1.0622719 1.2980539 1.1059134 0.9580957 1.3971346 0.8458293 1.1491373 0.9885051 1.0097860 1.1369210 0.9879146 1.1003702 1.0484020 1.1351327 2.2722878 1.0384353 1.0807940 0.9546077 1.3250562 1.1247355 1.0915838 1.0829694 
Aotus_vociferans             0.2835984 0.3375513 0.2932799 0.3152356 0.3117266 0.2919096 0.2935026 0.3126984 0.3092672 0.3340196 0.0899240 0.0798485 0.0798673 0.0891995 0.0825712 0.0000010 0.0000000 0.3290519 0.3277476 0.7133269 0.3500936 0.7031764 0.3277476 0.3563000 0.4205364 0.4022360 0.4120951 0.4116575 0.4126286 0.4220580 0.4086815 0.9812394 1.0572191 1.2365631 0.9611758 1.0134300 0.3754395 0.4697412 0.4129295 0.4005003 0.4164023 0.3964369 0.3856864 0.3960997 0.4089032 0.3976959 0.3848845 0.4026828 0.3968567 0.3745500 0.3860181 0.3934467 0.3577013 0.3799914 0.4033313 0.3749280 0.3807413 0.8405917 0.7699371 0.3216750 0.4181216 0.4636635 0.9949904 0.4451693 0.4341470 0.4401357 0.3970613 0.4016221 0.3916901 0.3823705 0.3805324 0.3882067 0.3766644 0.3775628 1.5996687 0.3872999 0.3941860 0.4507631 0.4273275 0.4277491 0.4117617 0.4035384 0.4212427 0.4220568 0.4308522 0.4253127 0.4125072 1.0996095 0.4990065 0.4492779 1.4133962 0.3831259 0.4025247 1.0479293 0.4838731 0.4243524 1.1267412 0.4424769 0.4831651 0.4903515 0.4856224 0.4891734 0.4901160 0.4976176 0.3739277 0.3693469 0.3675662 0.3698619 0.3713279 0.3652737 0.3629317 0.3671467 0.5507941 1.1717668 1.1389903 1.2529297 1.2733095 1.0392650 1.1847208 1.1456918 1.0838847 1.2653468 1.1271029 1.1974427 0.8120903 0.8232366 1.0465447 1.0503910 1.2885471 1.1836255 1.5848160 1.0986555 1.0622719 1.2980539 1.1059134 0.9580957 1.3971346 0.8458293 1.1491373 0.9885051 1.0097860 1.1369210 0.9879146 1.1003702 1.0484020 1.1351327 2.2722878 1.0384353 1.0807940 0.9546077 1.3250562 1.1247355 1.0915838 1.0829694 
Ateles_belzebuth             0.2417758 0.2759538 0.2435865 0.2485752 0.2784324 0.2459486 0.2507178 0.2562685 0.2728350 0.2610947 0.3208659 0.3297423 0.3262434 0.3272835 0.3105214 0.3290519 0.3290519 0.0000000 0.0137819 0.0727724 0.0465771 0.0597100 0.0137819 0.0360588 0.3862281 0.3781373 0.3841856 0.3840072 0.3810951 0.3861527 0.3832525 1.0620911 1.0796316 0.9984799 0.8818599 0.9449503 0.3766767 0.3920883 0.3966165 0.3952619 0.3982127 0.3891410 0.4093741 0.4039118 0.3886715 0.3794972 0.3845292 0.3828855 0.3749825 0.3780772 0.4027004 0.3995571 0.3812717 0.4119085 0.3795967 0.3772413 0.3694882 0.8353013 0.7721558 0.1885972 0.4088391 0.4266863 0.9835158 0.4188572 0.4616548 0.4559374 0.3815337 0.3778351 0.3579463 0.3224800 0.3169324 0.3443325 0.3428374 0.3419491 1.0087575 0.3478894 0.4048464 0.4242497 0.4053585 0.4406937 0.4007439 0.3951268 0.3972522 0.4429750 0.4375777 0.4232395 0.4324614 1.0179051 0.5037248 0.4926245 1.4782500 0.4400367 0.4497540 0.9502867 0.4739409 0.4666279 1.2269022 0.4781769 0.4889197 0.4956170 0.4991459 0.4790884 0.4748076 0.4974490 0.3735761 0.3745088 0.3804007 0.3784233 0.3765468 0.3795751 0.3813763 0.3919763 0.5435941 1.2640695 1.1754911 1.3358358 1.3699094 1.0644419 1.1596049 1.1655206 1.2362760 1.3237158 1.1382450 1.1943631 0.7498534 0.8506588 1.1067555 1.1328471 1.3051565 1.1644866 1.6335309 1.1965219 1.0707806 1.3928165 1.1063756 1.0656194 1.6106553 0.8973268 1.1836270 1.0838532 1.1038805 1.1794729 1.0767245 1.1631676 1.0312893 1.1209061 2.2021316 1.1899110 1.0923289 1.0778295 1.2775145 1.0989139 1.2107713 1.1949925 
Ateles_chamek                0.2436228 0.2802868 0.2533889 0.2584120 0.2803519 0.2477963 0.2560258 0.2637067 0.2828436 0.2665198 0.3194575 0.3284298 0.3249015 0.3245455 0.3141513 0.3277476 0.3277476 0.0137819 0.0000000 0.0815696 0.0494960 0.0681560 0.0000010 0.0407408 0.3986282 0.3946466 0.4011374 0.4008010 0.3978692 0.3987151 0.3956734 1.0915354 1.1105621 1.0334923 0.9221850 0.9595770 0.3802216 0.3972061 0.3956730 0.3943093 0.3972821 0.3881452 0.4134563 0.4196724 0.3892273 0.3891448 0.3943491 0.3927170 0.3845886 0.3877242 0.4178404 0.4149140 0.3920751 0.4232339 0.3916158 0.3950928 0.3914450 0.8536136 0.7912472 0.2030583 0.4172263 0.4313414 0.9923695 0.4147478 0.4792396 0.4586069 0.4075114 0.4032746 0.3709834 0.3399825 0.3343499 0.3622608 0.3607317 0.3597981 1.0355108 0.3656176 0.4136508 0.4378964 0.4189017 0.4455318 0.4142266 0.4069843 0.4106064 0.4565848 0.4469295 0.4278698 0.4461969 1.0478608 0.5185616 0.4989801 1.5167219 0.4393915 0.4535059 0.9699603 0.4702903 0.4685426 1.2325018 0.4843785 0.4993630 0.5019163 0.5055120 0.4934042 0.4851560 0.5014084 0.3874720 0.3884403 0.3943390 0.3924834 0.3943390 0.3973698 0.3991109 0.4060331 0.5657342 1.2703595 1.1817672 1.3506667 1.3946702 1.0728487 1.1693583 1.1619924 1.2482230 1.3330756 1.1476982 1.2054856 0.7579833 0.8593935 1.1183133 1.1375923 1.3075123 1.1737418 1.6462941 1.1913926 1.0720855 1.4038447 1.1182073 1.0756421 1.6107704 0.9130214 1.1911463 1.1074847 1.1035426 1.1994636 1.0896912 1.1855304 1.0466101 1.1428334 2.1813830 1.2067132 1.1040428 1.0998298 1.2872806 1.1118030 1.2246887 1.2132289 
Ateles_fusciceps             0.6163031 0.6873199 0.6159731 0.6030871 0.6880545 0.6126507 0.6256111 0.5920962 0.6880545 0.6312015 0.7042733 0.7696874 0.7590008 0.7213878 0.6981562 0.7133269 0.7133269 0.0727724 0.0815696 0.0000000 0.0237995 0.0601481 0.0815696 0.0784709 0.8839408 0.8553251 0.9320025 0.9320025 0.9204142 0.8664121 0.8945406 1.1794069 1.2145947 1.1248947 1.1418398 1.1723300 0.9578297 1.1173477 1.0795610 1.1037404 1.0873057 1.0447838 1.0302661 1.0605502 0.9446282 0.9317279 0.9850212 1.0246241 0.9247293 0.9597805 1.0113323 1.1095922 1.0227215 1.1105443 0.8803601 0.9443827 0.9331152 0.9568489 0.8762867 0.4783413 1.2712349 1.2769497 1.2712349 1.2309067 1.5392318 1.5198037 1.1279846 1.0647174 0.9094457 0.8248255 0.8644535 0.8847015 0.8847015 0.8847015 1.0729940 0.8915267 1.1830292 1.2807866 1.1322150 1.2501582 1.0677404 1.1816796 1.1387888 1.2742702 1.3198452 1.2513495 1.3133373 1.2450486 1.8142553 1.6736543 1.6246808 1.5026301 1.4929737 1.4456581 1.7248110 1.4946063 1.6853217 1.6688020 1.5802382 1.6143980 1.6154407 1.5850732 1.6182858 1.5854159 0.8680629 0.8472539 0.8543368 0.8613341 0.8543368 0.8281912 0.8524596 0.9411214 1.5907788 8.9999983 8.9999989 8.9999986 8.9999981 8.9999984 4.3977495 8.9999984 8.9999988 8.9999983 8.9999982 8.9999985 2.2647935 2.5837012 8.9999982 8.9999982 8.9999988 8.9999982 8.9999988 8.9999985 8.9999981 8.9999985 2.4392217 8.9999982 8.9999985 2.3100593 8.9999983 2.0519757 8.5646576 2.3980036 1.7704674 8.9999984 1.9225256 2.0329758 8.9999988 2.6712494 2.3614523 8.9999982 7.4064502 8.9999990 2.8002636 8.9999982 
Ateles_geoffroyi             0.2447800 0.2829703 0.2500755 0.2630208 0.2794201 0.2452962 0.2466426 0.2546368 0.2655279 0.2637177 0.3244085 0.3459349 0.3384765 0.3478325 0.3190669 0.3500936 0.3500936 0.0465771 0.0494960 0.0237995 0.0000000 0.0830587 0.0494960 0.0508983 0.3850361 0.3755958 0.3775955 0.3774739 0.3745198 0.3830914 0.3802009 1.0844022 1.1038813 1.0447666 0.9345890 0.9544959 0.3864467 0.4303534 0.4418678 0.4444203 0.4475564 0.4338010 0.4254341 0.4473832 0.3794693 0.3680736 0.3731070 0.3696124 0.3634243 0.3593464 0.4120931 0.4156158 0.3779666 0.4083725 0.3755414 0.3855719 0.3858289 0.8666846 0.8004827 0.2143183 0.4245758 0.4410698 1.0257642 0.4252393 0.4772595 0.4782773 0.4144385 0.4161337 0.4020721 0.3555334 0.3583134 0.3783417 0.3767683 0.3757885 1.0962430 0.3815345 0.4270103 0.4490122 0.4281117 0.4628928 0.4189594 0.4292427 0.4241800 0.4698063 0.4560665 0.4508870 0.4617943 1.0877925 0.5088119 0.5404287 1.6385453 0.4654297 0.4652741 1.0434734 0.5082526 0.4742867 1.3334220 0.5300626 0.4794044 0.5011484 0.5088385 0.4802289 0.4782945 0.4947990 0.3676265 0.3680149 0.3700909 0.3719465 0.3661484 0.3672313 0.3671815 0.3857652 0.5881621 1.2730976 1.1950403 1.3137685 1.4079209 1.0939439 1.1746251 1.2019455 1.2575655 1.3609956 1.1404891 1.2122500 0.7800545 0.8856649 1.1424788 1.1688595 1.3193924 1.2022450 1.6295442 1.1929358 1.0932259 1.4078050 1.1409602 1.0892301 1.6688880 0.9206615 1.2115352 1.0886986 1.1265825 1.1843521 1.0898050 1.2199670 1.0604997 1.1567798 2.3079419 1.2216051 1.1198915 1.0928219 1.2611723 1.1204481 1.2401624 1.1771367 
Ateles_hybridus              0.6043288 0.6423595 0.5874606 0.5675769 0.6607477 0.5946538 0.6078141 0.5859293 0.6607477 0.6269907 0.6924792 0.7310191 0.7197470 0.6743521 0.6868064 0.7031764 0.7031764 0.0597100 0.0681560 0.0601481 0.0830587 0.0000000 0.0681560 0.0738129 0.9062822 0.8779940 0.9516878 0.9516878 0.9408357 0.8895534 0.9043547 1.1673081 1.2023488 1.1106349 1.1578912 1.1812941 0.9917840 1.0748776 1.0335167 1.0576740 1.0421883 1.0007562 1.0005402 1.0635469 0.9649784 0.9655516 1.0165476 1.0535499 0.9591036 0.9911579 1.1300943 1.2259721 1.1696417 1.2727546 0.9022518 0.9747021 0.9518041 0.9867114 0.9092515 0.4279328 1.2642793 1.2428717 1.2642793 1.2043855 1.5469229 1.5162079 1.1350862 1.0475519 0.8896693 0.8182250 0.8698031 0.8783732 0.8783732 0.8783732 1.0824692 0.8852740 1.1586522 1.2571398 1.1200037 1.2145650 1.0763713 1.1497175 1.1267056 1.2508509 1.2964035 1.2197017 1.3056795 1.2384298 1.8273920 1.6018419 1.5610317 1.4437637 1.4280090 1.4106579 1.7115749 1.4376461 1.6731211 1.5964949 1.5627385 1.6003339 1.5866300 1.5562573 1.5889966 1.5565948 0.9054089 0.8882648 0.8948065 0.9012803 0.8948065 0.8458234 0.8790945 0.9663275 1.5474845 8.9999989 8.9999989 8.9999988 8.9999989 8.9999989 8.9999981 8.9999981 8.9999988 8.9999983 8.9999981 8.9999986 2.2825876 2.4118792 8.9999982 8.9999987 8.9999984 8.9999987 8.9999990 8.9999988 8.9999989 8.9999981 2.3758318 8.9999989 8.9999984 2.2523336 8.9999990 2.0886356 8.9999989 2.6725114 1.7817438 8.9999988 1.9039290 2.0017421 8.9999988 2.7212425 2.3611793 8.9999982 8.9999989 8.9999985 2.8855532 8.9999985 
Ateles_marginatus            0.2436228 0.2802868 0.2533889 0.2584120 0.2803519 0.2477963 0.2560258 0.2637067 0.2828436 0.2665198 0.3194575 0.3284298 0.3249015 0.3245455 0.3141513 0.3277476 0.3277476 0.0137819 0.0000010 0.0815696 0.0494960 0.0681560 0.0000000 0.0407408 0.3986282 0.3946466 0.4011374 0.4008010 0.3978692 0.3987151 0.3956734 1.0915354 1.1105621 1.0334923 0.9221850 0.9595770 0.3802216 0.3972061 0.3956730 0.3943093 0.3972821 0.3881452 0.4134563 0.4196724 0.3892273 0.3891448 0.3943491 0.3927170 0.3845886 0.3877242 0.4178404 0.4149140 0.3920751 0.4232339 0.3916158 0.3950928 0.3914450 0.8536136 0.7912472 0.2030583 0.4172263 0.4313414 0.9923695 0.4147478 0.4792396 0.4586069 0.4075114 0.4032746 0.3709834 0.3399825 0.3343499 0.3622608 0.3607317 0.3597981 1.0355108 0.3656176 0.4136508 0.4378964 0.4189017 0.4455318 0.4142266 0.4069843 0.4106064 0.4565848 0.4469295 0.4278698 0.4461969 1.0478608 0.5185616 0.4989801 1.5167219 0.4393915 0.4535059 0.9699603 0.4702903 0.4685426 1.2325018 0.4843785 0.4993630 0.5019163 0.5055120 0.4934042 0.4851560 0.5014084 0.3874720 0.3884403 0.3943390 0.3924834 0.3943390 0.3973698 0.3991109 0.4060331 0.5657342 1.2703595 1.1817672 1.3506667 1.3946702 1.0728487 1.1693583 1.1619924 1.2482230 1.3330756 1.1476982 1.2054856 0.7579833 0.8593935 1.1183133 1.1375923 1.3075123 1.1737418 1.6462941 1.1913926 1.0720855 1.4038447 1.1182073 1.0756421 1.6107704 0.9130214 1.1911463 1.1074847 1.1035426 1.1994636 1.0896912 1.1855304 1.0466101 1.1428334 2.1813830 1.2067132 1.1040428 1.0998298 1.2872806 1.1118030 1.2246887 1.2132289 
Ateles_paniscus              0.2686704 0.3123778 0.2635283 0.2792799 0.2969803 0.2693670 0.2732181 0.2693130 0.2893363 0.2789281 0.3282765 0.3371744 0.3336199 0.3432314 0.3264955 0.3563000 0.3563000 0.0360588 0.0407408 0.0784709 0.0508983 0.0738129 0.0407408 0.0000000 0.3927857 0.3770556 0.3850429 0.3848536 0.3819051 0.3966926 0.4013328 1.0735793 1.0923853 1.0359938 0.9018147 0.9273811 0.3763787 0.4135380 0.4194429 0.4138646 0.4211031 0.4115637 0.4328172 0.4313623 0.4050996 0.3936662 0.3971681 0.3936679 0.3890238 0.3904054 0.4431012 0.4405326 0.4152101 0.4471524 0.3697469 0.3811937 0.3774255 0.8580749 0.7938991 0.2032125 0.4152794 0.4459796 0.9709300 0.4191683 0.4810017 0.4838619 0.4021547 0.3999841 0.3776498 0.3506186 0.3502208 0.3731340 0.3715839 0.3706240 1.0728967 0.3763645 0.4382396 0.4612173 0.4351636 0.4744548 0.4349102 0.4411922 0.4310897 0.4752572 0.4635479 0.4568538 0.4671825 1.0391577 0.5191890 0.5044403 1.4900442 0.4588031 0.4650626 0.9590728 0.4941719 0.4717753 1.2557699 0.4889722 0.5029284 0.5095295 0.5132203 0.4820587 0.4801394 0.5074989 0.3961707 0.4030432 0.4031154 0.4013272 0.3992278 0.4042773 0.4001737 0.4207681 0.5990159 1.2383737 1.1569458 1.3245818 1.3823644 1.0295855 1.1511906 1.1424941 1.2151826 1.3425512 1.1144902 1.1723658 0.7586797 0.8666968 1.0911465 1.1147954 1.2697714 1.1516561 1.6556852 1.1723744 1.0396071 1.3739392 1.0870775 1.0488453 1.5986949 0.9033771 1.1646035 1.0672028 1.1436257 1.1666523 1.0553754 1.1519089 1.0526433 1.1082972 2.1619178 1.1636637 1.0629863 1.0594169 1.2929051 1.0772194 1.2001164 1.2042198 
Cacajao_ayresi               0.4066623 0.4287755 0.4117261 0.4284439 0.4361859 0.3945927 0.4062768 0.3978803 0.4297527 0.4235581 0.4064278 0.4155792 0.4059428 0.3786746 0.3786007 0.4205364 0.4205364 0.3862281 0.3986282 0.8839408 0.3850361 0.9062822 0.3986282 0.3927857 0.0000000 0.0505303 0.0536380 0.0525357 0.0514661 0.0047677 0.0242543 1.1574784 1.0929298 1.3613821 1.0271956 1.0899216 0.4696839 0.5036244 0.4987793 0.4939681 0.4925282 0.4853318 0.4612940 0.4926613 0.4438898 0.4489722 0.4409463 0.4515438 0.4521511 0.4384323 0.4284149 0.4408711 0.4330825 0.4475001 0.1684043 0.1615276 0.1602698 0.3003912 0.2988925 0.4332582 0.5360499 0.5515346 1.1709429 0.5522712 0.5903008 0.5418930 0.4696769 0.4691134 0.4810235 0.2679808 0.2664270 0.2708843 0.2827666 0.2833784 0.7655611 0.2745172 0.4979790 0.5357524 0.5180471 0.5219671 0.5187381 0.4616190 0.5110589 0.4968058 0.5220064 0.5095682 0.5013506 1.2274700 0.5765310 0.5740315 1.6187607 0.4771948 0.5085707 1.0871642 0.5590557 0.5420449 1.1315187 0.5690611 0.6179459 0.5739870 0.5844952 0.5700629 0.5934429 0.5840658 0.4273966 0.4263356 0.4285846 0.4366350 0.4285846 0.4426436 0.4188229 0.4207549 0.6236697 1.3076291 1.2977773 1.3543110 1.4309579 1.2465330 1.3463065 1.2914227 1.2956319 1.3041497 1.2523488 1.3261474 1.1291749 1.1675996 1.3311231 1.2903971 1.4451583 1.2996185 1.5362415 1.2988323 1.2852798 1.6037577 1.4069520 1.2274428 1.5043713 1.1811578 1.3300731 1.2866790 1.3158700 1.3988851 1.2420962 1.1745411 1.4130200 1.4020105 3.0116157 1.3160762 1.4045418 1.3120837 1.1765847 1.2526511 1.4362094 1.2775003 
