136
Alouatta_belzebul            0.0000000 0.1182834 0.0371573 0.0947900 0.1088230 0.1070621 0.1078104 0.1386222 0.1088369 0.1149068 0.5117437 0.5194249 0.4812327 0.4869700 0.4908818 0.4219240 0.4029533 0.4262932 0.4063748 0.4327389 0.5627428 0.5143758 0.5385371 0.5300201 0.5375819 0.5539853 0.5347950 0.5958657 0.5922372 0.6024443 0.5970260 0.6156418 0.6028237 0.6000905 0.5609969 0.5378403 0.5268961 0.5457979 0.5392156 0.5422701 0.5268235 0.6077050 0.5975373 0.6001960 0.6400083 0.6009242 0.6183510 0.6302537 0.3839809 0.7304657 0.7481161 0.7025338 0.7969366 0.7613281 0.6605183 0.6403365 0.5914430 0.4849018 0.5387153 0.5045710 0.5242596 0.5278448 0.5251705 0.6551189 0.6346131 0.5992887 0.6501362 0.6765718 0.7112945 0.5955579 0.6598833 0.6429851 0.6528517 0.6391300 0.7490702 0.7269659 0.7258992 0.6778736 0.7119186 0.7274411 0.7293471 0.7005528 0.7126102 0.7369471 0.7278644 0.6995377 0.7234236 0.5298749 0.5283720 0.5248498 0.5249367 0.5322799 0.5207609 0.5243813 0.5050821 0.7054150 2.0711740 2.1761361 4.2415518 4.1018409 2.4819850 2.1363463 2.0009606 2.3557907 5.0923392 2.2451808 4.4592474 1.8347946 1.6992475 1.8062612 1.8355454 4.5602892 2.0628748 7.5446458 2.2623312 2.4704083 4.8027656 2.1935845 1.8706692 8.9999984 1.6877266 2.1299335 2.2406147 1.6327042 2.3437518 3.9248600 3.8996628 2.3935187 2.1336848 2.0477587 2.2033461 1.8438455 5.1023615 2.0404173 1.9711243 4.4900334 
Alouatta_caraya              0.1182834 0.0000000 0.1268393 0.1073246 0.0820012 0.0838419 0.0898016 0.1484204 0.0855232 0.0817927 0.5032366 0.5241345 0.4773562 0.4979666 0.5019602 0.4203619 0.3976385 0.4391423 0.3942407 0.4385570 0.5949115 0.5630251 0.5789444 0.5703082 0.5779459 0.5858681 0.5748697 0.5817340 0.5700366 0.5889147 0.5921852 0.5934652 0.5936155 0.5867435 0.5554291 0.5788176 0.5762269 0.5910183 0.5726170 0.5920342 0.5970858 0.6161932 0.6265934 0.5917872 0.6138239 0.6216740 0.6187116 0.6222957 0.3711693 0.7321690 0.7311531 0.7081070 0.7236077 0.7114412 0.6020907 0.6051775 0.5819163 0.5141054 0.5428179 0.5091928 0.5287781 0.5323368 0.5214778 0.6820475 0.6114687 0.6157331 0.6528047 0.6707441 0.7180800 0.6120294 0.6538061 0.6288853 0.6559340 0.6509867 0.7132278 0.6884558 0.6610269 0.6116796 0.6727934 0.6852675 0.7192414 0.6890821 0.7012585 0.7258592 0.6986094 0.6880624 0.7028316 0.5175446 0.5240575 0.5285062 0.5205654 0.5360679 0.5329034 0.5280272 0.5210067 0.6984019 2.0043808 2.1048376 4.2412381 3.8534183 2.4824464 2.1032972 1.9693163 2.3136175 4.7828982 2.2773581 4.3405020 1.8507775 1.7504351 1.8285824 1.8732605 4.2877580 2.0587008 7.8865269 2.3057548 2.4108979 4.5366613 2.1122008 1.9176780 8.9999984 1.7727020 2.1593902 2.3367589 1.6498671 2.3335393 3.6218071 3.6105884 2.2753774 2.0972896 2.0354384 2.1068067 1.8961576 5.1894710 2.0829335 1.9257502 4.3614475 
Alouatta_discolor            0.0371573 0.1268393 0.0000000 0.1196840 0.1324883 0.1288356 0.1297816 0.1478248 0.1325058 0.1272964 0.5361138 0.5277924 0.4895773 0.5110681 0.5150411 0.4361149 0.4166061 0.4372274 0.4132063 0.4583720 0.5637079 0.5108066 0.5433677 0.5347767 0.5424005 0.5548780 0.5442432 0.5841267 0.5507714 0.5945480 0.5891961 0.6078172 0.5992386 0.5708984 0.5623560 0.5065002 0.5192345 0.5303803 0.5156858 0.5267179 0.5034528 0.6262256 0.5936712 0.6053884 0.6279488 0.6194634 0.6074928 0.6110844 0.3600695 0.6927598 0.7097406 0.6656282 0.8047924 0.7688698 0.6483274 0.6239647 0.5793038 0.4937806 0.5397981 0.5053624 0.5165402 0.5201502 0.5261382 0.6700347 0.6141588 0.5961482 0.6561107 0.6650612 0.7225098 0.5923901 0.6748089 0.6576699 0.6593127 0.6538687 0.7291690 0.6789748 0.6955752 0.6622835 0.6735185 0.7114272 0.6911051 0.6892793 0.7013557 0.7257549 0.7256553 0.6700920 0.7211981 0.5023557 0.5005467 0.4891417 0.4892253 0.4965628 0.4849612 0.4886947 0.4816316 0.7188952 2.0190589 2.1520226 4.2795516 4.0402211 2.4747723 2.1196285 1.9533312 2.3065231 5.1406039 2.2603069 4.5072449 1.7952958 1.6801608 1.8314134 1.8003306 4.6096669 2.0534463 7.6824822 2.2372321 2.4626404 4.8265960 2.1457642 1.8547988 8.9999986 1.6682487 2.0751030 2.1603193 1.6319156 2.3189104 3.9113845 3.8860013 2.3277018 2.1016615 2.0016344 2.1867400 1.8501837 5.1419576 2.0163407 1.9186144 4.4527368 
Alouatta_guariba             0.0947900 0.1073246 0.1196840 0.0000000 0.1176721 0.1158587 0.1205509 0.1403910 0.1176875 0.1084229 0.4892799 0.5136450 0.4435592 0.4763332 0.4802892 0.4151266 0.4029313 0.4482478 0.4064036 0.4404643 0.5640357 0.5358860 0.5813995 0.5726726 0.5767921 0.5551477 0.5524484 0.5175708 0.5740567 0.5841668 0.5875323 0.5925266 0.5846529 0.5779299 0.5469079 0.5850410 0.5824728 0.5845050 0.5870184 0.5982731 0.5816728 0.6281058 0.6342174 0.6082957 0.6566650 0.6331358 0.6300405 0.6421294 0.3756349 0.7360463 0.7354226 0.7130881 0.8028139 0.7717173 0.5970478 0.5833079 0.5521258 0.5276092 0.5619648 0.5304077 0.5506644 0.5543080 0.5517854 0.7109640 0.6507607 0.6594365 0.6658419 0.7022988 0.7006231 0.6556902 0.7152301 0.6769909 0.6691080 0.7079061 0.7340985 0.6736537 0.6749917 0.6472466 0.6733951 0.6766386 0.6766442 0.6788959 0.7000070 0.7154855 0.6973587 0.6868327 0.7020141 0.5318287 0.5383302 0.5427950 0.5348394 0.5503635 0.5599853 0.5423073 0.5273354 0.7073219 2.0596442 2.1137691 4.1878965 4.0924303 2.5347536 2.1042695 2.0580480 2.3483102 4.8704521 2.3260300 4.5259063 1.8057868 1.7008293 1.8652671 1.8896262 4.4910080 2.1045123 7.3270780 2.3180412 2.5055354 4.6271966 2.1931282 1.9060343 8.9999989 1.7218279 2.1582753 2.2424299 1.6138151 2.3866020 3.9449944 3.9723849 2.2961840 2.1018680 2.1070850 2.1873277 1.8855068 5.2497470 2.0666845 2.0213241 4.6087098 
Alouatta_juara               0.1088230 0.0820012 0.1324883 0.1176721 0.0000000 0.0843371 0.0849012 0.1354538 0.0052036 0.0669029 0.4789159 0.5024374 0.4835605 0.4700216 0.4739200 0.4204853 0.4015018 0.4529084 0.3981450 0.4388583 0.5819087 0.5580549 0.5739687 0.5653548 0.5729764 0.5729785 0.5620033 0.6195661 0.5812784 0.6269373 0.6211897 0.6228497 0.6185599 0.6034810 0.5886389 0.5222196 0.5195019 0.5456967 0.5478041 0.5349172 0.5431923 0.5982574 0.6018420 0.6050307 0.6183714 0.6161359 0.6136202 0.6171984 0.3888364 0.7189573 0.7219611 0.7137313 0.7571736 0.7223459 0.6553317 0.6265360 0.6023566 0.5404735 0.5699802 0.5270661 0.5553466 0.5589466 0.5481180 0.6852941 0.6374172 0.6111000 0.6268662 0.6799358 0.7601852 0.6073574 0.6272994 0.6724150 0.6473472 0.6511332 0.7405790 0.6907964 0.6914708 0.6585140 0.6995157 0.7106922 0.6843008 0.6853321 0.7062322 0.7305591 0.6947080 0.6843293 0.7170800 0.4897432 0.4961646 0.5005046 0.4927308 0.5079223 0.5084807 0.5000510 0.5047032 0.6806165 2.0359418 2.0455537 4.1976993 4.0570070 2.4421865 2.0905106 1.9938931 2.3334836 5.0207253 2.2700542 4.5712572 1.8044018 1.7338398 1.8245761 1.8338498 4.5688955 2.0623429 7.4812302 2.2144111 2.4060163 4.7975441 2.1433364 1.9005886 8.9999987 1.6859348 2.1620437 2.2691932 1.6501061 2.2824107 3.9053059 3.8801210 2.2119097 2.0900520 2.0388464 2.1224960 1.8641630 4.9752249 2.0629315 1.8445781 4.5911682 
Alouatta_macconnelli         0.1070621 0.0838419 0.1288356 0.1158587 0.0843371 0.0000000 0.0105349 0.1385392 0.0878348 0.0859864 0.5087341 0.5325352 0.5091885 0.4884199 0.4923135 0.4006445 0.3956862 0.4234988 0.3923289 0.4472748 0.6019790 0.5445777 0.5606100 0.5519848 0.5596261 0.5928513 0.5818118 0.5930415 0.5810707 0.6088135 0.5947036 0.6047073 0.6005211 0.6101895 0.5325038 0.5574380 0.5383847 0.5489917 0.5428320 0.5539420 0.5545568 0.6396228 0.6204598 0.6019079 0.6200165 0.6194181 0.6116878 0.6236528 0.4077131 0.7247793 0.7142287 0.7246615 0.7804711 0.7635994 0.6190962 0.6033818 0.5801784 0.5314451 0.5694175 0.5304867 0.5463740 0.5499896 0.5474552 0.6720027 0.6244442 0.6068046 0.6265625 0.6404655 0.6774816 0.6030438 0.6322682 0.6508439 0.6427812 0.6381971 0.7697200 0.7200283 0.6909002 0.6755729 0.7374137 0.7338376 0.7506515 0.6764097 0.6973423 0.7216964 0.7036669 0.6931704 0.6993432 0.5362251 0.5426840 0.5471268 0.5392146 0.5546520 0.5279398 0.5466394 0.5120841 0.7143974 1.9912835 2.0358012 4.2703881 4.0392821 2.4863989 2.0644323 1.9823268 2.2776195 4.8141102 2.2341586 4.4536862 1.7792973 1.6633926 1.7421983 1.8064178 4.3983514 2.0153693 7.6357322 2.2515064 2.3650929 4.7577334 2.1097373 1.8797538 8.9999987 1.6970005 2.0897808 2.1943425 1.6090676 2.3120743 3.8123916 3.8650840 2.2108227 2.0967579 1.9677914 2.0590463 1.8560939 4.8847081 2.0381529 1.8649797 4.3938595 
Alouatta_nigerrima           0.1078104 0.0898016 0.1297816 0.1205509 0.0849012 0.0105349 0.0000000 0.1355162 0.0884271 0.0865752 0.5108519 0.5428226 0.5113139 0.4903370 0.4942661 0.4086001 0.4034293 0.4316139 0.4000284 0.4556740 0.5912558 0.5343260 0.5503236 0.5417572 0.5493539 0.5822498 0.5712647 0.6047060 0.5830892 0.6107912 0.5967111 0.6067025 0.6025205 0.6035977 0.5265007 0.5675163 0.5483063 0.5589321 0.5528036 0.5640146 0.5645795 0.6285221 0.6223558 0.6039239 0.6219615 0.6122349 0.6046167 0.6165127 0.4017963 0.7244137 0.7137778 0.7242959 0.8036165 0.7912532 0.6248481 0.6053773 0.5822355 0.5330751 0.5672387 0.5285339 0.5443338 0.5479334 0.5453954 0.6791593 0.6311984 0.6045859 0.6425039 0.6428720 0.6898745 0.6007970 0.6438812 0.6533039 0.6545047 0.6405774 0.7696821 0.7280292 0.7136422 0.6883598 0.7371412 0.7378160 0.7493316 0.6846550 0.7058004 0.7304099 0.7076198 0.7105253 0.7077874 0.5304749 0.5369862 0.5414554 0.5334906 0.5490332 0.5297156 0.5409679 0.5137289 0.7141172 1.9701158 2.0446015 4.3284093 4.0809205 2.4986251 2.0732367 1.9907667 2.2799653 4.8402532 2.2606218 4.4844990 1.7914755 1.6832278 1.7333535 1.7840463 4.4464131 2.0393994 7.7705655 2.2619251 2.4106652 4.8196490 2.1109370 1.8714854 8.9999988 1.7174669 2.0994937 2.2125225 1.6290171 2.2983037 3.8488323 3.9020573 2.2288008 2.1139338 1.9757622 2.0599849 1.8334421 4.9681375 2.0318598 1.8868816 4.4525333 
Alouatta_palliata            0.1386222 0.1484204 0.1478248 0.1403910 0.1354538 0.1385392 0.1355162 0.0000000 0.1395408 0.1361449 0.5209538 0.5356354 0.4786172 0.5076190 0.5116283 0.4381147 0.4225394 0.4426149 0.4190950 0.4562799 0.5892027 0.5440155 0.5768907 0.5681520 0.5758819 0.5800918 0.5563536 0.5751480 0.5650655 0.6131310 0.6117676 0.6083133 0.6003189 0.5721390 0.5444816 0.5439460 0.5413160 0.5354571 0.5299203 0.5487368 0.5486466 0.6464021 0.6700762 0.6658124 0.6838726 0.6201991 0.5992905 0.6113436 0.3958496 0.6798033 0.6947400 0.6709044 0.8036685 0.7665350 0.6364496 0.6037707 0.5845773 0.5229438 0.5701124 0.5220387 0.5338548 0.5375055 0.5433291 0.7404508 0.6836662 0.6611805 0.6986965 0.7182233 0.7727675 0.6573816 0.7229321 0.7057836 0.7157943 0.7328453 0.7594649 0.7416382 0.6811324 0.6848421 0.7172367 0.7392866 0.7338628 0.6546755 0.6838888 0.7080679 0.6812422 0.6532809 0.6677858 0.4848050 0.4911592 0.4954456 0.4877630 0.4950001 0.5071687 0.4872407 0.4874061 0.7453452 1.9791178 1.9277127 4.0953120 3.8609091 2.3208899 1.9398610 1.8246655 2.2957629 4.8317319 2.1785287 4.2947097 1.7657226 1.6837428 1.8023067 1.8316454 4.4170277 1.9257549 7.7830865 2.1609735 2.3016812 4.5770127 2.1204172 1.9245037 8.8574077 1.7384151 2.0330005 2.1528284 1.6476659 2.3157013 3.7205851 3.6716018 2.1782221 2.0230519 2.0446062 2.1150383 1.8534914 4.6040366 1.9553391 1.9149596 4.3619771 
Alouatta_seniculus           0.1088369 0.0855232 0.1325058 0.1176875 0.0052036 0.0878348 0.0884271 0.1395408 0.0000000 0.0702766 0.4944425 0.5103022 0.4759237 0.4855680 0.4894889 0.4310252 0.4117422 0.4564362 0.4083659 0.4493157 0.5652522 0.5498870 0.5658292 0.5572317 0.5648446 0.5564547 0.5537875 0.6111282 0.5813745 0.6183681 0.6212915 0.6229530 0.6186623 0.5950541 0.5887352 0.5223064 0.5275274 0.5537114 0.5558984 0.5429744 0.5512223 0.5983573 0.6019415 0.5964270 0.6184750 0.6246603 0.6220686 0.6256486 0.4024694 0.7283450 0.7126914 0.7230891 0.7572938 0.7224626 0.6643100 0.6353132 0.6109690 0.5405661 0.5785415 0.5189486 0.5471303 0.5507289 0.5398565 0.6987332 0.6419557 0.6156157 0.6313647 0.6845262 0.7603040 0.6118724 0.6318262 0.6769552 0.6518977 0.6556833 0.7502532 0.7003152 0.6915854 0.6674534 0.6996317 0.7108080 0.6937017 0.6765982 0.7063442 0.7306736 0.6859126 0.6756037 0.7171924 0.4976876 0.5041116 0.5084668 0.5006737 0.5158985 0.5045309 0.5080076 0.5047893 0.6688662 2.0437857 2.0610277 4.2246985 4.0575116 2.4424920 2.0983741 1.9941526 2.3255352 5.0213162 2.2703410 4.5998936 1.8044018 1.7204053 1.8106970 1.8338498 4.5407035 2.0476166 7.4812302 2.2146928 2.4063186 4.7836160 2.1357541 1.8866831 8.9999988 1.6723409 2.1468631 2.2613838 1.6568397 2.2906972 3.9186793 3.8934643 2.2040850 2.0977773 2.0315143 2.1149732 1.8500055 4.9461144 2.0631941 1.8376458 4.5626149 
Alouatta_puruensis           0.1149068 0.0817927 0.1272964 0.1084229 0.0669029 0.0859864 0.0865752 0.1361449 0.0702766 0.0000000 0.5263027 0.5548005 0.4668149 0.5169927 0.5210826 0.4136746 0.4082944 0.4511319 0.4048191 0.4323706 0.6249547 0.5705804 0.5908956 0.5820937 0.5898695 0.6155290 0.6128743 0.5904290 0.6189338 0.6351326 0.6379479 0.6288263 0.6353435 0.6274557 0.5772408 0.5958315 0.5928912 0.5942679 0.6061196 0.6088396 0.5924003 0.6489032 0.6552456 0.6788940 0.7018834 0.6176754 0.6219843 0.6341268 0.4279179 0.7738138 0.7640993 0.7591639 0.8338867 0.8069665 0.6756538 0.6547440 0.6140667 0.5452514 0.5668061 0.5320344 0.5476616 0.5513299 0.5573025 0.6735899 0.6376259 0.6104634 0.6626613 0.6723633 0.7568838 0.6065987 0.6418067 0.6793341 0.6750839 0.6569704 0.7374552 0.7108924 0.6998734 0.6704150 0.7138003 0.7245319 0.7230039 0.7166939 0.7245936 0.7495234 0.7310771 0.7292712 0.7355956 0.5258857 0.5324392 0.5369297 0.5289225 0.5445498 0.5374121 0.5364420 0.5331605 0.7434027 1.9944455 2.0495425 4.2806134 4.1383126 2.5176402 2.0862946 1.9520462 2.2347220 5.3244324 2.2338303 4.7722031 1.8629777 1.6725586 1.8121789 1.8984114 4.6052819 2.0076183 7.3213681 2.2437048 2.4889555 4.9223986 2.1106918 1.9064700 8.9999984 1.7269546 2.0742780 2.2151112 1.6802418 2.2219060 3.9067344 3.8813584 2.1756642 2.0422845 2.0032456 2.0442337 1.8858547 5.3749954 2.0072308 1.9110327 4.5711873 
Aotus_azarae                 0.5117437 0.5032366 0.5361138 0.4892799 0.4789159 0.5087341 0.5108519 0.5209538 0.4944425 0.5263027 0.0000000 0.1202622 0.1442865 0.1035667 0.1054679 0.6154534 0.5979604 0.6567208 0.5938571 0.6382080 0.7093594 0.6483540 0.6511582 0.6457278 0.6456221 0.6990469 0.6608565 0.5519631 0.5244639 0.5992891 0.5775127 0.6030777 0.5871184 0.5399341 0.4988291 0.5400595 0.5492835 0.5352943 0.5298572 0.5567646 0.5380134 0.7242561 0.7577231 0.7109644 0.7304969 0.6492578 0.6801609 0.6795471 0.5633369 0.7016770 0.6779356 0.6862819 0.6384119 0.6099895 0.6261836 0.5784945 0.5470483 0.6273187 0.6759766 0.6726282 0.6464383 0.6502238 0.6666038 0.8023241 0.7813396 0.7635092 0.7272167 0.8523246 0.8051899 0.7595456 0.7705429 0.7417641 0.7692976 0.7660779 0.7367460 0.7290890 0.6389554 0.6095240 0.6182139 0.5731080 0.6963579 0.6330008 0.6613446 0.6713059 0.6543635 0.6401805 0.6760214 0.5547651 0.5694881 0.5658642 0.5577943 0.5609461 0.5339134 0.5568242 0.5499527 0.9154417 2.4951926 2.4151627 4.3748734 4.1411687 2.6432542 2.4107872 2.4419517 2.4539632 4.8059866 2.5872604 3.9678244 1.9554566 1.7462144 1.9862225 1.9600999 4.3025714 2.2973005 6.4125387 2.5818648 2.5056090 4.1964329 2.4459429 2.0783011 7.3434015 1.7542969 2.6079988 2.5043639 1.7956000 2.4106010 3.3987478 3.3879542 2.5218831 2.2660870 2.3655621 2.4039406 2.0228175 4.3668225 2.4797502 2.2262842 3.9596846 
Aotus_lemurinus              0.5194249 0.5241345 0.5277924 0.5136450 0.5024374 0.5325352 0.5428226 0.5356354 0.5103022 0.5548005 0.1202622 0.0000000 0.1292287 0.1175291 0.1194800 0.5762681 0.5888423 0.6215833 0.5847440 0.6329353 0.6501817 0.6267281 0.6300406 0.6247098 0.6332176 0.6405315 0.6177974 0.5471932 0.5696771 0.6165204 0.6024325 0.6290445 0.6124867 0.5722527 0.5545005 0.5032283 0.5351275 0.5369803 0.5239573 0.5343094 0.5435062 0.7767823 0.7865222 0.7396066 0.7592133 0.6684717 0.6846854 0.6620273 0.5249797 0.7570478 0.7309174 0.7457564 0.6694983 0.6141619 0.5968869 0.5956489 0.5465753 0.5575038 0.6126251 0.6152914 0.5902944 0.5940304 0.6008936 0.7687053 0.7218150 0.7141533 0.7039340 0.7842942 0.7670334 0.7103190 0.7195811 0.7286095 0.7309487 0.7283269 0.7513590 0.7099337 0.6407961 0.6418339 0.6120631 0.5967845 0.6815909 0.6014559 0.6154064 0.6300462 0.6006138 0.6126960 0.6185581 0.5045223 0.5105564 0.5070511 0.4914987 0.5027242 0.4923896 0.4987735 0.5078466 0.9486428 2.4371524 2.3639870 4.2860143 4.0873745 2.6497200 2.3759007 2.2912277 2.4491068 5.0317801 2.4601204 3.7834887 1.9069206 1.7373636 1.9338186 1.9158229 4.1627860 2.3471479 6.7193697 2.5375572 2.5133893 4.3048778 2.4556512 1.9989237 7.4819462 1.6928199 2.6229275 2.5052767 1.8441647 2.3486477 3.4351888 3.4013334 2.4035268 2.2748786 2.3181583 2.4389447 1.9997634 4.1182062 2.5211063 2.2211660 3.9494282 
Aotus_nancymaae              0.4812327 0.4773562 0.4895773 0.4435592 0.4835605 0.5091885 0.5113139 0.4786172 0.4759237 0.4668149 0.1442865 0.1292287 0.0000000 0.1130313 0.1149801 0.6128950 0.5870955 0.6454583 0.5912998 0.6478857 0.6421523 0.5795202 0.6000188 0.5947943 0.5946956 0.6325539 0.6184148 0.5457201 0.5686297 0.6209271 0.6067268 0.6248350 0.6082551 0.5544219 0.5580128 0.5477221 0.5727157 0.5745035 0.5692020 0.5722201 0.5811666 0.7841113 0.7794844 0.7614139 0.7810904 0.6749095 0.6701121 0.6562508 0.5326933 0.7307760 0.7044174 0.7104690 0.6070451 0.5876739 0.6461673 0.6139270 0.5838418 0.5901975 0.6102131 0.6389485 0.6003516 0.6040939 0.6374563 0.8165176 0.7362884 0.7464896 0.7242934 0.8235637 0.7890719 0.7426046 0.7800846 0.7781160 0.7470189 0.7897306 0.8027749 0.7673063 0.6604100 0.6520715 0.6552626 0.6187222 0.7519237 0.5758414 0.6065314 0.6127990 0.6171812 0.5870806 0.6179548 0.5182379 0.5327249 0.5291555 0.5212459 0.5247239 0.5137526 0.5206863 0.5292565 0.9229519 2.4106714 2.3991991 4.2321249 4.0604886 2.6757362 2.2375049 2.2369494 2.4403660 5.0250601 2.4867280 3.9146863 2.0676470 1.8213052 2.0424455 2.0493718 4.3615184 2.3026670 6.6544907 2.5844636 2.5909470 4.3535589 2.4635103 2.0890215 7.6531541 1.8138810 2.5080037 2.4122282 1.9010864 2.4044577 3.5681344 3.5332979 2.4777440 2.1987524 2.2737426 2.4824240 2.0707842 4.3630652 2.3748410 2.2870832 4.0653520 
Aotus_trivirgatus            0.4869700 0.4979666 0.5110681 0.4763332 0.4700216 0.4884199 0.4903370 0.5076190 0.4855680 0.5169927 0.1035667 0.1175291 0.1130313 0.0000000 0.0012952 0.5893173 0.5639869 0.6137739 0.5681777 0.6161671 0.6459953 0.5948005 0.6063905 0.6011415 0.6184628 0.6363357 0.6044833 0.5464618 0.5395224 0.5770277 0.5719450 0.5895106 0.5732252 0.5542829 0.5502180 0.4866594 0.5193125 0.5055552 0.5002080 0.5266830 0.5272180 0.7475600 0.7427460 0.7343207 0.7443306 0.5983609 0.6474403 0.6337810 0.5334170 0.6866543 0.7115887 0.6809711 0.6359406 0.6165110 0.6361582 0.6037058 0.5592806 0.5909036 0.6107220 0.6524702 0.6182086 0.6219126 0.6376738 0.8038573 0.7630446 0.7453840 0.7136909 0.8521821 0.7703584 0.7414516 0.7538147 0.7581075 0.7459190 0.7677474 0.7565071 0.6865584 0.6152733 0.6081671 0.6173714 0.5670829 0.6813504 0.6005990 0.6315545 0.6380214 0.6256705 0.6201120 0.6346801 0.5109288 0.5254159 0.5218458 0.5139425 0.5254159 0.4866241 0.5213727 0.4943567 0.9745522 2.3692263 2.3355330 4.4435673 4.1080936 2.6171823 2.3049340 2.2788834 2.4482241 4.7104475 2.5092325 3.8793280 2.0008382 1.7951102 1.9571472 1.9377326 4.3273609 2.2678317 6.7443646 2.5103556 2.4991198 4.1976485 2.4412857 2.0150776 7.4270828 1.8064737 2.4263953 2.4032235 1.8502668 2.2530105 3.4748833 3.4757654 2.3375743 2.1478897 2.1809838 2.4600824 1.9549204 4.4988999 2.3446953 2.2214879 3.9424264 
Aotus_vociferans             0.4908818 0.5019602 0.5150411 0.4802892 0.4739200 0.4923135 0.4942661 0.5116283 0.4894889 0.5210826 0.1054679 0.1194800 0.1149801 0.0012952 0.0000000 0.5936041 0.5681777 0.6180146 0.5723727 0.6203597 0.6504035 0.5991287 0.6106980 0.6054418 0.6227776 0.6407111 0.6088437 0.5506197 0.5437458 0.5813753 0.5762340 0.5938682 0.5775451 0.5585015 0.5544297 0.4905606 0.5232719 0.5094835 0.5041452 0.5306493 0.5312108 0.7524180 0.7476280 0.7392007 0.7492159 0.6027164 0.6518433 0.6381715 0.5375942 0.6913322 0.7162888 0.6855810 0.6403639 0.6208889 0.6406294 0.6080738 0.5635477 0.5952651 0.6152076 0.6569510 0.6225825 0.6262869 0.6420915 0.8086203 0.7677778 0.7501096 0.7183668 0.8570375 0.7751767 0.7461774 0.7584871 0.7628688 0.7506478 0.7724826 0.7613321 0.6911783 0.6197481 0.6125331 0.6218759 0.5713476 0.6859170 0.6047598 0.6357574 0.6422568 0.6298770 0.6242855 0.6388736 0.5149668 0.5294639 0.5258917 0.5179794 0.5294639 0.4906302 0.5254159 0.4983716 0.9815070 2.3776418 2.3438888 4.4301467 4.0951240 2.6084901 2.3133170 2.2871438 2.4567879 4.6965679 2.5180765 3.8669117 1.9936380 1.7883130 1.9643699 1.9449187 4.3142985 2.2759677 6.7599856 2.5018653 2.4906205 4.1848310 2.4499489 2.0223825 7.4395755 1.7995451 2.4348147 2.4118109 1.8573291 2.2612454 3.4635056 3.4643861 2.3460158 2.1558274 2.1890451 2.4687400 1.9622380 4.4853345 2.3529979 2.2294881 3.9297890 
Ateles_belzebuth             0.4219240 0.4203619 0.4361149 0.4151266 0.4204853 0.4006445 0.4086001 0.4381147 0.4310252 0.4136746 0.6154534 0.5762681 0.6128950 0.5893173 0.5936041 0.0000000 0.0274370 0.0833800 0.0288867 0.0809580 0.7864563 0.7174911 0.7245821 0.7154107 0.7277465 0.7754903 0.7456219 0.6981397 0.6844603 0.6371947 0.6269711 0.6500629 0.6330756 0.6338017 0.6051312 0.7615802 0.7684769 0.7236339 0.7885227 0.7673662 0.7498473 0.7610074 0.7397749 0.7436072 0.7439646 0.6799691 0.6797789 0.6877029 0.3581029 0.8385849 0.8108599 0.8396250 0.8907820 0.8389047 0.6833406 0.6921508 0.6088576 0.6149738 0.6911069 0.6570094 0.6357260 0.6395158 0.6418153 0.8597448 0.8235156 0.8007897 0.7968715 0.8754387 0.8139358 0.7968207 0.8071647 0.7896548 0.8203514 0.8125116 0.8462928 0.8675208 0.7883381 0.8271246 0.8723751 0.7840664 0.8635720 0.7949649 0.8080940 0.8148807 0.7965677 0.7785576 0.7903460 0.6493413 0.6474551 0.6480475 0.6525203 0.6518181 0.6809277 0.6392174 0.6456124 0.9414194 2.3384843 2.3495340 5.0866201 4.7986440 2.6542235 2.2268300 2.1855715 2.3527013 5.6075016 2.5646920 4.9991985 2.0348760 1.9374147 1.9381984 1.8700591 4.2421626 2.3291647 7.1203812 2.2667119 2.6147667 4.7791657 2.1702812 2.0768708 7.9215443 1.8852700 2.3692243 2.4130155 1.8383435 2.5194784 3.9998595 3.9359848 2.3593193 2.1612888 2.0983489 2.1669126 1.9655144 5.6090744 2.2815971 2.0621430 4.6600875 
Ateles_chamek                0.4029533 0.3976385 0.4166061 0.4029313 0.4015018 0.3956862 0.4034293 0.4225394 0.4117422 0.4082944 0.5979604 0.5888423 0.5870955 0.5639869 0.5681777 0.0274370 0.0000000 0.0791377 0.0012951 0.0768035 0.7505422 0.6947734 0.7019471 0.6928560 0.7050988 0.7399904 0.7106913 0.6808858 0.6622331 0.6475465 0.6371161 0.6605197 0.6433383 0.6262203 0.5886162 0.7137658 0.7292615 0.7032817 0.7488603 0.7281939 0.7200801 0.7499473 0.7107285 0.7233905 0.7145316 0.6645812 0.6560743 0.6638497 0.3517520 0.8361898 0.8134757 0.8230375 0.8653476 0.8042948 0.6741899 0.6648203 0.5744696 0.6178228 0.6927126 0.6591799 0.6382164 0.6419404 0.6442178 0.8717174 0.8496238 0.8269688 0.8322917 0.9114671 0.8307099 0.8230221 0.8333019 0.8250980 0.8464922 0.8293744 0.8352841 0.8699301 0.7766857 0.8200960 0.8515408 0.7726079 0.8561498 0.7488478 0.7796823 0.7862621 0.7639630 0.7282125 0.7580521 0.6218396 0.6200359 0.6206021 0.6249809 0.6243089 0.6702042 0.6119569 0.6354074 0.8954556 2.3171448 2.2891314 4.9040444 4.5033459 2.5641251 2.1519979 2.1440741 2.4072189 5.5160991 2.4733459 4.8036793 1.9789620 1.8986405 1.9131197 1.8642075 4.1516442 2.2603490 7.2186528 2.1682317 2.5084652 4.6402671 2.1376359 2.0232715 8.3426547 1.8748716 2.3158613 2.4634520 1.8292749 2.4476554 3.8021896 3.7405428 2.3321599 2.1203231 2.0964812 2.1422706 1.9256192 5.6945233 2.2151143 2.0385371 4.4961092 
Ateles_geoffroyi             0.4262932 0.4391423 0.4372274 0.4482478 0.4529084 0.4234988 0.4316139 0.4426149 0.4564362 0.4511319 0.6567208 0.6215833 0.6454583 0.6137739 0.6180146 0.0833800 0.0791377 0.0000000 0.0808539 0.0927272 0.7894795 0.7545858 0.7615371 0.7522428 0.7647201 0.7785295 0.7627172 0.7712604 0.7156232 0.7343606 0.7137104 0.7438337 0.7205784 0.7059465 0.6398916 0.7546292 0.7524266 0.7127842 0.7803724 0.7513414 0.7519942 0.7967944 0.7370959 0.7699725 0.7797392 0.7407285 0.7578238 0.7570784 0.3762616 0.9057267 0.8875575 0.8812397 0.9625735 0.9045901 0.7300511 0.7387189 0.6575248 0.6907902 0.7595459 0.7248716 0.7022627 0.7060384 0.7088098 0.8800995 0.8531734 0.8404213 0.8362552 0.8963026 0.8483300 0.8364688 0.8368205 0.8577988 0.8505095 0.8424998 0.9267042 0.9539500 0.8732313 0.8807271 0.9021441 0.8576138 0.9284424 0.7561077 0.7867231 0.7932897 0.7749984 0.7629007 0.7743612 0.6703081 0.6592748 0.6598652 0.6642801 0.6635805 0.6839876 0.6511509 0.6757163 0.9026353 2.3634233 2.3343740 4.8876182 4.5616002 2.5960497 2.2138330 2.1956204 2.4455827 5.5596612 2.5039896 4.8489221 2.0342519 1.8866919 1.9410956 1.9243168 4.1285058 2.1697286 6.9502199 2.2284025 2.5750174 4.7318353 2.2020799 2.0268232 8.1729648 1.8996317 2.2241310 2.5349945 1.8101716 2.5281034 3.8625795 3.8259773 2.3508911 2.2112993 2.1053105 2.2065096 1.9665864 5.6762351 2.2197811 2.1076392 4.4746988 
Ateles_marginatus            0.4063748 0.3942407 0.4132063 0.4064036 0.3981450 0.3923289 0.4000284 0.4190950 0.4083659 0.4048191 0.5938571 0.5847440 0.5912998 0.5681777 0.5723727 0.0288867 0.0012951 0.0808539 0.0000000 0.0784936 0.7550872 0.6991931 0.7063439 0.6972458 0.7094951 0.7445040 0.7151917 0.6765524 0.6579858 0.6520291 0.6415385 0.6650112 0.6477942 0.6219679 0.5844962 0.7093863 0.7248573 0.6989289 0.7444408 0.7237927 0.7157044 0.7454123 0.7153321 0.7188438 0.7099884 0.6689027 0.6519036 0.6596755 0.3548860 0.8314301 0.8087733 0.8183447 0.8703015 0.8091926 0.6697826 0.6604434 0.5702624 0.6222239 0.6972688 0.6547843 0.6339129 0.6376370 0.6398828 0.8765889 0.8544248 0.8317592 0.8370557 0.9163724 0.8260212 0.8278125 0.8380914 0.8298594 0.8512959 0.8342159 0.8304075 0.8650285 0.7719719 0.8154650 0.8467125 0.7679633 0.8513061 0.7443160 0.7751198 0.7816713 0.7593979 0.7236970 0.7535168 0.6175611 0.6157655 0.6163292 0.6207049 0.6200359 0.6658934 0.6076897 0.6310690 0.9020434 2.3091700 2.2812764 4.9186710 4.4894876 2.5555140 2.1598891 2.1364200 2.3990150 5.5317893 2.4819272 4.8185505 1.9717056 1.8917154 1.9060603 1.8572785 4.1650476 2.2525086 7.2038306 2.1605071 2.4999512 4.6267487 2.1300446 2.0161498 8.3346253 1.8678515 2.3079045 2.4721521 1.8224657 2.4562781 3.8149464 3.7532255 2.3404781 2.1281706 2.0891195 2.1347048 1.9185132 5.6796618 2.2073541 2.0312439 4.4823015 
Ateles_paniscus              0.4327389 0.4385570 0.4583720 0.4404643 0.4388583 0.4472748 0.4556740 0.4562799 0.4493157 0.4323706 0.6382080 0.6329353 0.6478857 0.6161671 0.6203597 0.0809580 0.0768035 0.0927272 0.0784936 0.0000000 0.8038351 0.7377697 0.7622492 0.7530576 0.7653967 0.7929105 0.7634311 0.7055157 0.7209123 0.7391635 0.7143275 0.7523167 0.7255123 0.6979312 0.6624064 0.7896867 0.7970566 0.7524259 0.7893770 0.8144427 0.7690777 0.7910622 0.7692092 0.8021776 0.7927816 0.7066135 0.7232855 0.7311273 0.3951705 0.8840126 0.8702820 0.8797500 0.9221043 0.8603660 0.7350383 0.7346254 0.6459108 0.6781269 0.7370155 0.6981292 0.6718966 0.6756251 0.6869829 0.8907077 0.8497777 0.8261478 0.8507987 0.8918933 0.8977424 0.8321336 0.8618715 0.8681928 0.8556686 0.8678485 0.8709790 0.9217660 0.8344152 0.8421511 0.8755469 0.8036477 0.8974452 0.8274339 0.8495298 0.8664175 0.8244713 0.8157261 0.8325981 0.6962626 0.6943211 0.6949311 0.6906042 0.6986482 0.7055508 0.6861711 0.6931107 0.9381768 2.3951912 2.3335101 4.9972646 4.7240940 2.6091397 2.2044624 2.2022521 2.4110363 5.7930283 2.5092159 4.9356060 2.0302340 1.9107804 1.9705530 1.9783707 4.1919369 2.2346940 7.4670202 2.2482541 2.5880405 4.6233509 2.2218721 2.0504862 8.4539784 1.9170950 2.2811660 2.5106080 1.8624032 2.5730814 3.8339069 3.7726451 2.4163326 2.2019354 2.1363420 2.2262368 2.0050040 5.7539667 2.2763696 2.1238717 4.5034958 
Cacajao_ayresi               0.5627428 0.5949115 0.5637079 0.5640357 0.5819087 0.6019790 0.5912558 0.5892027 0.5652522 0.6249547 0.7093594 0.6501817 0.6421523 0.6459953 0.6504035 0.7864563 0.7505422 0.7894795 0.7550872 0.8038351 0.0000000 0.1039478 0.0942795 0.0942795 0.0959657 0.0012854 0.0256629 0.7747423 0.7178738 0.7147708 0.6976379 0.6883721 0.6999408 0.6909771 0.7215521 0.7372196 0.7447457 0.7478145 0.7554429 0.7534073 0.7411057 0.5692114 0.5989745 0.5836290 0.5875817 0.2581672 0.2605024 0.2499335 0.7145102 0.8858039 0.9731594 0.8774210 0.8124526 0.8193080 0.7567161 0.6969987 0.7361151 0.2678565 0.2831185 0.2840493 0.2813036 0.2839367 0.2718342 0.7631031 0.7713014 0.7726341 0.7857752 0.8091579 0.7281638 0.7688191 0.7387545 0.7539930 0.7860786 0.7700463 0.8998425 0.8811058 0.8464853 0.8436834 0.8430844 0.8417622 0.8415595 0.9143422 0.9105527 0.9247969 0.9409440 0.9212749 0.9234996 0.7449365 0.7516512 0.7476143 0.7384376 0.7516512 0.7509990 0.7469425 0.7504597 0.6903550 2.4430988 2.3748843 4.3511469 4.3570191 2.4340910 2.4720105 2.2195499 2.6277216 5.1838495 2.5924160 4.6350142 2.2008714 1.9235435 2.0632606 2.0983340 4.2228057 2.2740627 7.9581932 2.3524644 2.4237842 4.4565108 2.5502571 2.0855467 6.4547258 1.8794811 2.3231023 2.3881239 2.0165466 2.5189472 3.7886107 3.7435456 2.5737027 2.3554880 2.3079460 2.6121559 2.1252490 5.3005427 2.2981184 2.1717694 4.3311689 
Cacajao_calvus               0.5143758 0.5630251 0.5108066 0.5358860 0.5580549 0.5445777 0.5343260 0.5440155 0.5498870 0.5705804 0.6483540 0.6267281 0.5795202 0.5948005 0.5991287 0.7174911 0.6947734 0.7545858 0.6991931 0.7377697 0.1039478 0.0000000 0.0285987 0.0285987 0.0285877 0.1016646 0.0983488 0.6977533 0.6988834 0.7339456 0.7264179 0.7214596 0.7242875 0.6447680 0.6698625 0.7231310 0.7397646 0.7520719 0.7225996 0.7483479 0.7551926 0.5651033 0.5769841 0.5789591 0.5907386 0.2325220 0.2479651 0.2427747 0.6641964 0.9190085 0.9645637 0.9016803 0.8019191 0.7670561 0.7360470 0.7119391 0.7337093 0.2702682 0.2971547 0.2950903 0.2808163 0.2833922 0.2828551 0.7195878 0.7138660 0.6924060 0.6979910 0.7462999 0.7015978 0.6886732 0.6833253 0.7021646 0.6933005 0.7174650 0.9290407 0.9150365 0.8992459 0.8855167 0.8657659 0.9097465 0.8753823 0.8820303 0.8981004 0.8922316 0.8977458 0.8790928 0.9059573 0.7046992 0.7113065 0.7073539 0.6984052 0.7203791 0.7096601 0.7119459 0.7145076 0.6623373 2.3707336 2.4022020 4.5969607 4.5013581 2.4573974 2.3051185 2.1518375 2.4938962 5.2960453 2.4372028 4.7648012 2.0339982 1.8435369 2.0471381 2.0931058 4.1903933 2.2709907 8.0491668 2.3205837 2.4307104 4.3718578 2.4297385 2.1737465 6.6074046 1.7508859 2.2399198 2.3619974 1.9157890 2.4319091 3.8819159 3.8868060 2.5734739 2.3255996 2.1491843 2.4812087 2.1309385 5.1268122 2.2546785 2.0755920 4.5808485 
Cacajao_novaesi              0.5385371 0.5789444 0.5433677 0.5813995 0.5739687 0.5606100 0.5503236 0.5768907 0.5658292 0.5908956 0.6511582 0.6300406 0.6000188 0.6063905 0.6106980 0.7245821 0.7019471 0.7615371 0.7063439 0.7622492 0.0942795 0.0285987 0.0000000 0.0025832 0.0091517 0.0921058 0.0888633 0.7117684 0.7109012 0.7366702 0.7291584 0.7103719 0.7270590 0.6249578 0.6544557 0.7213617 0.7156480 0.7500964 0.7169453 0.7241667 0.7250296 0.5692218 0.5769890 0.5873174 0.5908151 0.2386743 0.2388420 0.2337534 0.6711539 0.9055206 0.9713003 0.9127749 0.7902607 0.7838131 0.7242853 0.7004454 0.7036033 0.2745044 0.2955667 0.2993393 0.2849986 0.2875706 0.2813953 0.7206428 0.7508910 0.7203269 0.7257743 0.7751340 0.7243271 0.7165720 0.6758755 0.7167204 0.7212500 0.7323078 0.9051558 0.8914979 0.8910428 0.8726053 0.8530528 0.8965414 0.8524090 0.8644891 0.8803917 0.8744638 0.8799945 0.8616003 0.8882429 0.7030725 0.7096379 0.7057112 0.6968229 0.7186497 0.7171986 0.7102721 0.7220198 0.6414784 2.3580835 2.3587566 4.5089135 4.4430467 2.3917134 2.2786787 2.1271908 2.4636983 5.4119497 2.3923190 4.6571185 2.0437774 1.8308131 1.9846713 2.0369888 4.2066020 2.2416103 8.1264647 2.3064813 2.3988061 4.3895651 2.4336039 2.0877913 6.6572090 1.7170699 2.2107061 2.3393882 1.9318199 2.4529909 3.8508012 3.8050818 2.5682624 2.3054305 2.1618805 2.4679749 2.0884771 5.0085925 2.2410970 2.0560094 4.4815581 
Cacajao_rubicundus           0.5300201 0.5703082 0.5347767 0.5726726 0.5653548 0.5519848 0.5417572 0.5681520 0.5572317 0.5820937 0.6457278 0.6247098 0.5947943 0.6011415 0.6054418 0.7154107 0.6928560 0.7522428 0.6972458 0.7530576 0.0942795 0.0285987 0.0025832 0.0000000 0.0091517 0.0921058 0.0888633 0.7117684 0.7013402 0.7268983 0.7195079 0.7007412 0.7173492 0.6249578 0.6451384 0.7117968 0.7060464 0.7404313 0.7073331 0.7145590 0.7153679 0.5605870 0.5682905 0.5785868 0.5820815 0.2439027 0.2439726 0.2388420 0.6620669 0.9055206 0.9713003 0.9127749 0.7902607 0.7838131 0.7242853 0.7004454 0.6940216 0.2687067 0.2955667 0.2933263 0.2791930 0.2817502 0.2755780 0.7206428 0.7415487 0.7110253 0.7165276 0.7656211 0.7150829 0.7072713 0.6667604 0.7074721 0.7119405 0.7229987 0.9051558 0.8914979 0.8805179 0.8726053 0.8530528 0.8901791 0.8524090 0.8542342 0.8700953 0.8641119 0.8696717 0.8513639 0.8779701 0.6936331 0.7002046 0.6962790 0.6874018 0.7092046 0.7075163 0.7008337 0.7123293 0.6293759 2.3580835 2.3587566 4.5089135 4.4430467 2.3917134 2.2786787 2.1271908 2.4636983 5.4119497 2.3923190 4.6571185 2.0282045 1.8162068 1.9696063 2.0216994 4.2066020 2.2416103 8.1264647 2.3064813 2.3988061 4.3895651 2.4336039 2.0877913 6.6316065 1.7025378 2.2107061 2.3393882 1.9168147 2.4529909 3.8252633 3.7796281 2.5682624 2.3054305 2.1618805 2.4679749 2.0728247 5.0085925 2.2410970 2.0560094 4.4815581 
Cacajao_ucayalii             0.5375819 0.5779459 0.5424005 0.5767921 0.5729764 0.5596261 0.5493539 0.5758819 0.5648446 0.5898695 0.6456221 0.6332176 0.5946956 0.6184628 0.6227776 0.7277465 0.7050988 0.7647201 0.7094951 0.7653967 0.0959657 0.0285877 0.0091517 0.0091517 0.0000000 0.0937777 0.0905289 0.7208251 0.7050882 0.7493600 0.7416974 0.7228997 0.7396758 0.6099115 0.6484041 0.7337971 0.7320086 0.7626399 0.7333219 0.7405268 0.7375872 0.5687446 0.5765067 0.5868314 0.5819853 0.2359192 0.2410970 0.2359943 0.6743253 0.9040659 0.9697855 0.9007693 0.7936286 0.7871644 0.7180227 0.6942540 0.6973439 0.2768515 0.2950768 0.3017374 0.2873337 0.2899079 0.2837402 0.7331706 0.7540972 0.7235390 0.7289640 0.7739058 0.7237892 0.7197863 0.6790535 0.7199165 0.7244642 0.7311300 0.9189904 0.9051898 0.9045932 0.8860049 0.8663853 0.9100753 0.8659382 0.8728880 0.8790039 0.8829359 0.8884396 0.8699860 0.8966424 0.7063436 0.7129023 0.7089780 0.7000920 0.7219121 0.7113081 0.7135380 0.7253641 0.6293759 2.3806087 2.3710508 4.5187125 4.4802530 2.3979784 2.2909420 2.1234827 2.4869082 5.4417020 2.3881278 4.7106416 2.0431933 1.8302062 1.9896495 2.0420463 4.2420304 2.2318303 8.1494270 2.3125513 2.4050738 4.3991068 2.4567897 2.0991560 6.6399677 1.7164371 2.2324353 2.3619746 1.9168147 2.4594257 3.8433414 3.7976564 2.5924389 2.3279178 2.1834913 2.4912131 2.0785703 5.0042241 2.2470903 2.0611989 4.5155755 
Cacajao_hosomi               0.5539853 0.5858681 0.5548780 0.5551477 0.5729785 0.5928513 0.5822498 0.5800918 0.5564547 0.6155290 0.6990469 0.6405315 0.6325539 0.6363357 0.6407111 0.7754903 0.7399904 0.7785295 0.7445040 0.7929105 0.0012854 0.1016646 0.0921058 0.0921058 0.0937777 0.0000000 0.0241726 0.7635849 0.7116980 0.7084978 0.6915514 0.6823450 0.6937990 0.6803793 0.7108695 0.7263708 0.7338008 0.7368189 0.7444150 0.7424080 0.7301254 0.5645245 0.5939907 0.5787484 0.5826745 0.2540655 0.2564147 0.2459607 0.7041586 0.8778224 0.9593249 0.8645350 0.8008150 0.8076928 0.7456159 0.6864960 0.7251055 0.2661579 0.2812735 0.2822085 0.2795188 0.2821319 0.2701138 0.7523733 0.7605197 0.7618341 0.7749616 0.7979641 0.7178604 0.7580404 0.7283254 0.7433817 0.7751860 0.7592809 0.8867317 0.8732850 0.8390405 0.8314693 0.8309318 0.8294478 0.8340652 0.9017000 0.8979029 0.9119825 0.9280679 0.9086069 0.9108064 0.7340220 0.7407074 0.7366935 0.7275788 0.7407074 0.7397843 0.7360311 0.7392512 0.6826622 2.4129787 2.3454110 4.2910696 4.3106923 2.4118999 2.4494712 2.1915023 2.5952589 5.2639493 2.6252420 4.5685823 2.1734621 1.8993052 2.0449668 2.0722458 4.1654600 2.2459230 7.8067870 2.3311519 2.4016800 4.4075038 2.5269403 2.0597507 6.3479225 1.8553972 2.2943775 2.3583382 1.9912389 2.4871065 3.7370947 3.6925049 2.5412936 2.3340477 2.2790424 2.5884332 2.1060945 5.2213540 2.2774626 2.1444924 4.2701260 
Cacajao_melanocephalus       0.5347950 0.5748697 0.5442432 0.5524484 0.5620033 0.5818118 0.5712647 0.5563536 0.5537875 0.6128743 0.6608565 0.6177974 0.6184148 0.6044833 0.6088437 0.7456219 0.7106913 0.7627172 0.7151917 0.7634311 0.0256629 0.0983488 0.0888633 0.0888633 0.0905289 0.0241726 0.0000000 0.7284046 0.7186562 0.7249983 0.7078024 0.6985712 0.7101637 0.6780491 0.7086058 0.7294513 0.7462072 0.7492688 0.7475516 0.7548369 0.7519417 0.5583174 0.6050225 0.5724331 0.5679338 0.2446027 0.2521698 0.2417506 0.6975452 0.8698492 0.9407202 0.8566543 0.7934109 0.7813729 0.7480964 0.6888310 0.7462262 0.2558583 0.2765305 0.2774935 0.2806212 0.2832440 0.2654903 0.7418479 0.7590190 0.7513071 0.7645129 0.7969504 0.7163184 0.7475072 0.7179244 0.7235352 0.7646620 0.7577794 0.8891613 0.8704861 0.8411949 0.8335902 0.8434957 0.8520310 0.8418523 0.9206428 0.9273406 0.9311171 0.9471938 0.9275450 0.9198367 0.7232950 0.7396989 0.7356768 0.7265444 0.7396989 0.7288057 0.7350137 0.7282746 0.6792739 2.3880132 2.3368368 4.3021914 4.2550092 2.4549921 2.4067985 2.1676668 2.5782750 5.2480876 2.6162449 4.5699062 2.1345629 1.8918640 2.0678572 2.0802973 4.2058886 2.2380677 7.7372135 2.3891237 2.4963267 4.4367885 2.5015461 2.0832801 6.3356950 1.8191041 2.3025570 2.3510754 2.0060641 2.4875595 3.7257161 3.7057380 2.5602834 2.3094838 2.2463548 2.5628908 2.1608258 5.1739391 2.2856134 2.1290269 4.3260201 
Callimico_goeldii            0.5958657 0.5817340 0.5841267 0.5175708 0.6195661 0.5930415 0.6047060 0.5751480 0.6111282 0.5904290 0.5519631 0.5471932 0.5457201 0.5464618 0.5506197 0.6981397 0.6808858 0.7712604 0.6765524 0.7055157 0.7747423 0.6977533 0.7117684 0.7117684 0.7208251 0.7635849 0.7284046 0.0000000 0.3555603 0.3429905 0.3564225 0.3572850 0.3495928 0.3559380 0.3459456 0.7477598 0.7796475 0.7907128 0.7521901 0.7929262 0.7757134 0.7798316 0.7702906 0.7530411 0.7871679 0.7720191 0.7329998 0.7553514 0.6780096 0.5980531 0.5919851 0.5959697 0.5150029 0.4954658 0.3374578 0.3093084 0.3344479 0.7031539 0.7171827 0.7334210 0.6914358 0.6952791 0.7123321 0.9188205 0.8661599 0.8373311 0.8220175 0.9097089 0.8718810 0.8332213 0.8834595 0.8460833 0.8273486 0.8999249 0.5986913 0.6104940 0.4580174 0.5289252 0.5483199 0.5215076 0.5807610 0.8113321 0.7821448 0.8130205 0.8165289 0.7866017 0.7928807 0.7173196 0.7339494 0.7204995 0.7206182 0.7385784 0.7254590 0.7292028 0.7398332 0.9695942 2.3755636 2.3359170 4.4542811 4.3846260 2.6967534 2.2307868 2.2387248 2.5218574 5.1210803 2.7165595 4.8606924 1.9816395 1.8158075 1.8841850 1.9568212 4.6544357 2.3097304 7.6622443 2.5158261 2.7525634 3.8970651 2.4838450 1.9825934 6.3416740 1.8423226 2.4605144 2.4123675 1.8355853 2.4135217 4.1904301 4.1909532 2.5911402 2.3504313 2.2718484 2.4502341 1.8828429 5.7591261 2.3676063 2.1851220 4.4447985 
