97
Alouatta_belzebul            0.0000000 0.0072375 0.0023803 0.0023803 0.0248071 0.0248071 0.0275369 0.0248329 0.0323140 0.0238015 0.0300122 0.0300349 0.0332754 0.0472822 0.0331610 0.0330462 0.0330462 0.0378768 0.0406413 0.0396845 0.0380148 0.0380148 0.0545101 0.0569929 0.0515912 0.0359312 0.0357889 0.0412051 0.0299518 0.0301071 0.0279538 0.0279538 0.0409692 0.0409692 0.0435409 0.0406413 0.0551509 0.0552925 0.0388283 0.0415070 0.0416610 0.0445154 0.0388283 0.0415337 0.0446032 0.0444176 0.0269884 0.0300794 0.0382929 0.0313877 0.0357029 0.0247454 0.0274674 0.0269884 0.0369095 0.0247454 0.0301256 0.0352840 0.0381556 0.0363882 0.0381556 0.0488494 0.0462389 0.1037703 0.0438931 0.0441084 0.0588504 0.0526831 0.0411247 0.0437955 0.0500022 0.0438727 0.0767273 0.0468698 0.0696525 0.0411128 0.0413794 0.0530056 0.0759515 0.0464782 0.1020592 0.0411247 0.0643015 0.0496035 0.0442179 0.0918013 0.0357703 0.0465818 0.0412136 0.0514054 0.0609935 0.0552811 0.0665182 0.0522651 0.0442179 0.0526984 0.0673323 
Alouatta_caraya              0.0072375 0.0000000 0.0048092 0.0048092 0.0275789 0.0275789 0.0303638 0.0248891 0.0323991 0.0207723 0.0300797 0.0328882 0.0389518 0.0504757 0.0361041 0.0359776 0.0359776 0.0408405 0.0436526 0.0399883 0.0409907 0.0409907 0.0577411 0.0574501 0.0547700 0.0389227 0.0387669 0.0442672 0.0327959 0.0303331 0.0280679 0.0280679 0.0440098 0.0440098 0.0466097 0.0436526 0.0584308 0.0585833 0.0418790 0.0445940 0.0447621 0.0478650 0.0418790 0.0446230 0.0477603 0.0475598 0.0271898 0.0329374 0.0412949 0.0315177 0.0386739 0.0248455 0.0302864 0.0271898 0.0371940 0.0248455 0.0303518 0.0382146 0.0411455 0.0366645 0.0411455 0.0519876 0.0521174 0.1133772 0.0469906 0.0472243 0.0591650 0.0559451 0.0441778 0.0468852 0.0532298 0.0469688 0.0773171 0.0500276 0.0701744 0.0441650 0.0444543 0.0562897 0.0729065 0.0496047 0.1028770 0.0441778 0.0647820 0.0498630 0.0473426 0.0925209 0.0387466 0.0497163 0.0498493 0.0517172 0.0614440 0.0555722 0.0727566 0.0525385 0.0473426 0.0529764 0.0678387 
Alouatta_palliata            0.0023803 0.0048092 0.0000000 0.0000010 0.0222528 0.0222528 0.0249503 0.0222759 0.0292627 0.0207438 0.0274204 0.0274407 0.0332754 0.0445006 0.0305069 0.0304018 0.0304018 0.0352347 0.0379750 0.0364857 0.0353628 0.0353628 0.0517423 0.0536091 0.0488494 0.0332521 0.0331207 0.0384982 0.0273654 0.0269884 0.0247454 0.0247454 0.0382795 0.0382795 0.0408430 0.0379750 0.0523459 0.0524793 0.0361159 0.0387801 0.0389230 0.0415810 0.0361159 0.0388051 0.0418349 0.0416618 0.0238940 0.0274813 0.0356198 0.0281307 0.0330405 0.0215629 0.0248875 0.0238940 0.0336955 0.0215629 0.0270048 0.0326547 0.0354924 0.0332222 0.0354924 0.0461251 0.0462389 0.0965059 0.0411724 0.0413732 0.0559803 0.0498775 0.0384249 0.0410810 0.0472087 0.0411531 0.0737316 0.0441161 0.0667476 0.0384138 0.0386622 0.0501832 0.0723466 0.0437490 0.0988825 0.0384249 0.0614117 0.0468332 0.0414757 0.0887131 0.0331036 0.0438464 0.0439608 0.0481919 0.0581440 0.0524691 0.0694528 0.0494844 0.0414757 0.0498920 0.0644183 
Alouatta_sara                0.0023803 0.0048092 0.0000010 0.0000000 0.0222528 0.0222528 0.0249503 0.0222759 0.0292627 0.0207438 0.0274204 0.0274407 0.0332754 0.0445006 0.0305069 0.0304018 0.0304018 0.0352347 0.0379750 0.0364857 0.0353628 0.0353628 0.0517423 0.0536091 0.0488494 0.0332521 0.0331207 0.0384982 0.0273654 0.0269884 0.0247454 0.0247454 0.0382795 0.0382795 0.0408430 0.0379750 0.0523459 0.0524793 0.0361159 0.0387801 0.0389230 0.0415810 0.0361159 0.0388051 0.0418349 0.0416618 0.0238940 0.0274813 0.0356198 0.0281307 0.0330405 0.0215629 0.0248875 0.0238940 0.0336955 0.0215629 0.0270048 0.0326547 0.0354924 0.0332222 0.0354924 0.0461251 0.0462389 0.0965059 0.0411724 0.0413732 0.0559803 0.0498775 0.0384249 0.0410810 0.0472087 0.0411531 0.0737316 0.0441161 0.0667476 0.0384138 0.0386622 0.0501832 0.0723466 0.0437490 0.0988825 0.0384249 0.0614117 0.0468332 0.0414757 0.0887131 0.0331036 0.0438464 0.0439608 0.0481919 0.0581440 0.0524691 0.0694528 0.0494844 0.0414757 0.0498920 0.0644183 
Aotus_azarae                 0.0248071 0.0275789 0.0222528 0.0222528 0.0000000 0.0000010 0.0024025 0.0097127 0.0143063 0.0057994 0.0146727 0.0146823 0.0200773 0.0253345 0.0123149 0.0122739 0.0122739 0.0121163 0.0146239 0.0146594 0.0121591 0.0121591 0.0273877 0.0303807 0.0247464 0.0148669 0.0148098 0.0198844 0.0146435 0.0057847 0.0059842 0.0059842 0.0147340 0.0147340 0.0171976 0.0146239 0.0329410 0.0330195 0.0174864 0.0200281 0.0200975 0.0214258 0.0174864 0.0200408 0.0227787 0.0226888 0.0028803 0.0048113 0.0122418 0.0090661 0.0097818 0.0029790 0.0023966 0.0028803 0.0118073 0.0029790 0.0057881 0.0096732 0.0121992 0.0116493 0.0121992 0.0221987 0.0222515 0.0603487 0.0224344 0.0225386 0.0361067 0.0304936 0.0198531 0.0223856 0.0279295 0.0224236 0.0528252 0.0251310 0.0465203 0.0198474 0.0199720 0.0306800 0.0474498 0.0249296 0.0764715 0.0198531 0.0413450 0.0277128 0.0225931 0.0670197 0.0148024 0.0249840 0.0250451 0.0261188 0.0383790 0.0330161 0.0491192 0.0302662 0.0225931 0.0305024 0.0441563 
Aotus_griseimembra           0.0248071 0.0275789 0.0222528 0.0222528 0.0000010 0.0000000 0.0024025 0.0097127 0.0143063 0.0057994 0.0146727 0.0146823 0.0200773 0.0253345 0.0123149 0.0122739 0.0122739 0.0121163 0.0146239 0.0146594 0.0121591 0.0121591 0.0273877 0.0303807 0.0247464 0.0148669 0.0148098 0.0198844 0.0146435 0.0057847 0.0059842 0.0059842 0.0147340 0.0147340 0.0171976 0.0146239 0.0329410 0.0330195 0.0174864 0.0200281 0.0200975 0.0214258 0.0174864 0.0200408 0.0227787 0.0226888 0.0028803 0.0048113 0.0122418 0.0090661 0.0097818 0.0029790 0.0023966 0.0028803 0.0118073 0.0029790 0.0057881 0.0096732 0.0121992 0.0116493 0.0121992 0.0221987 0.0222515 0.0603487 0.0224344 0.0225386 0.0361067 0.0304936 0.0198531 0.0223856 0.0279295 0.0224236 0.0528252 0.0251310 0.0465203 0.0198474 0.0199720 0.0306800 0.0474498 0.0249296 0.0764715 0.0198531 0.0413450 0.0277128 0.0225931 0.0670197 0.0148024 0.0249840 0.0250451 0.0261188 0.0383790 0.0330161 0.0491192 0.0302662 0.0225931 0.0305024 0.0441563 
Aotus_trivirgatus            0.0275369 0.0303638 0.0249503 0.0249503 0.0024025 0.0024025 0.0000000 0.0122495 0.0173488 0.0087922 0.0172722 0.0172840 0.0227964 0.0281294 0.0149119 0.0148618 0.0148618 0.0146692 0.0172141 0.0177813 0.0147214 0.0147214 0.0301507 0.0337924 0.0274685 0.0175029 0.0174350 0.0225754 0.0172377 0.0087695 0.0090753 0.0090753 0.0173453 0.0173453 0.0198322 0.0172141 0.0358067 0.0358933 0.0201686 0.0227396 0.0228195 0.0243424 0.0201686 0.0227541 0.0255462 0.0254442 0.0058232 0.0072809 0.0148228 0.0122232 0.0123376 0.0060254 0.0048356 0.0058232 0.0149204 0.0060254 0.0087748 0.0121992 0.0147708 0.0147182 0.0147708 0.0248889 0.0249485 0.0678892 0.0251557 0.0252739 0.0390551 0.0333447 0.0225386 0.0251005 0.0307536 0.0251435 0.0560073 0.0278999 0.0495717 0.0225321 0.0200139 0.0335495 0.0512054 0.0276741 0.0799997 0.0225386 0.0443475 0.0305131 0.0253355 0.0703903 0.0174262 0.0277349 0.0278037 0.0293318 0.0413234 0.0358892 0.0521982 0.0330928 0.0253355 0.0333544 0.0472012 
Ateles_belzebuth             0.0248329 0.0248891 0.0222759 0.0222759 0.0097127 0.0097127 0.0122495 0.0000000 0.0028038 0.0000010 0.0048069 0.0097288 0.0149642 0.0308189 0.0174689 0.0174100 0.0174100 0.0222420 0.0248587 0.0208209 0.0223218 0.0223218 0.0381020 0.0370054 0.0353422 0.0200863 0.0200082 0.0251893 0.0097034 0.0117349 0.0121455 0.0121455 0.0250518 0.0250518 0.0275680 0.0248587 0.0385290 0.0386231 0.0227853 0.0253729 0.0254627 0.0271695 0.0227853 0.0253891 0.0282211 0.0281077 0.0087661 0.0147190 0.0224786 0.0153372 0.0199580 0.0090717 0.0122191 0.0087661 0.0179714 0.0090717 0.0117419 0.0197307 0.0223992 0.0177265 0.0223992 0.0327089 0.0327881 0.0748448 0.0277869 0.0279183 0.0418418 0.0360642 0.0251471 0.0277258 0.0334590 0.0277735 0.0589375 0.0305649 0.0524080 0.0251399 0.0252998 0.0362858 0.0546268 0.0303162 0.0831413 0.0251471 0.0471613 0.0331964 0.0279866 0.0734306 0.0199980 0.0303831 0.0304591 0.0324232 0.0440955 0.0386181 0.0550488 0.0357897 0.0279866 0.0360747 0.0500420 
Ateles_chamek                0.0323140 0.0323991 0.0292627 0.0292627 0.0143063 0.0143063 0.0173488 0.0028038 0.0000000 0.0034821 0.0028038 0.0143345 0.0206730 0.0397536 0.0235948 0.0235476 0.0235476 0.0292115 0.0323551 0.0292091 0.0293352 0.0293352 0.0481727 0.0487092 0.0449257 0.0267347 0.0266119 0.0328707 0.0142902 0.0179518 0.0187266 0.0187266 0.0326553 0.0326553 0.0356382 0.0323551 0.0489268 0.0490716 0.0299997 0.0331530 0.0332257 0.0332697 0.0299997 0.0331780 0.0365708 0.0363952 0.0142919 0.0202719 0.0295813 0.0227577 0.0265884 0.0149057 0.0172982 0.0142919 0.0257826 0.0149057 0.0179649 0.0262293 0.0294580 0.0253501 0.0294580 0.0417677 0.0418879 0.1042384 0.0297235 0.0298894 0.0531129 0.0460279 0.0266096 0.0296467 0.0364639 0.0297067 0.0739378 0.0330165 0.0657406 0.0327899 0.0330372 0.0463601 0.0722965 0.0327001 0.0963211 0.0266096 0.0594809 0.0361269 0.0362819 0.0916321 0.0266495 0.0327848 0.0360362 0.0297649 0.0556780 0.0425574 0.0621059 0.0391878 0.0362819 0.0395578 0.0629991 
Ateles_geoffroyi             0.0238015 0.0207723 0.0207438 0.0207438 0.0057994 0.0057994 0.0087922 0.0000010 0.0034821 0.0000000 0.0057703 0.0087229 0.0149390 0.0276694 0.0088273 0.0087922 0.0087922 0.0207316 0.0208209 0.0208209 0.0208209 0.0208209 0.0365861 0.0370054 0.0332884 0.0118550 0.0118005 0.0210276 0.0086957 0.0117349 0.0121455 0.0121455 0.0210139 0.0210139 0.0239837 0.0238607 0.0336877 0.0337849 0.0149639 0.0180043 0.0180789 0.0194577 0.0149639 0.0149335 0.0212824 0.0211817 0.0087661 0.0117419 0.0209962 0.0153372 0.0179714 0.0090717 0.0087661 0.0087661 0.0179714 0.0090717 0.0117419 0.0177265 0.0177265 0.0177265 0.0177265 0.0301414 0.0302289 0.0719827 0.0273316 0.0274870 0.0409250 0.0372046 0.0241631 0.0272593 0.0341670 0.0273157 0.0548445 0.0306726 0.0505034 0.0241399 0.0210979 0.0375658 0.0546268 0.0303726 0.0754528 0.0241631 0.0508483 0.0338440 0.0275508 0.0685348 0.0179815 0.0304531 0.0273614 0.0330063 0.0470925 0.0403950 0.0570039 0.0369702 0.0275508 0.0373261 0.0509256 
Ateles_paniscus              0.0300122 0.0300797 0.0274204 0.0274204 0.0146727 0.0146727 0.0172722 0.0048069 0.0028038 0.0057703 0.0000000 0.0146975 0.0200985 0.0362247 0.0226237 0.0225467 0.0225467 0.0273792 0.0300443 0.0270008 0.0274780 0.0274780 0.0381020 0.0370054 0.0353422 0.0252911 0.0251921 0.0304496 0.0146586 0.0177539 0.0183806 0.0183806 0.0302807 0.0302807 0.0328157 0.0300443 0.0439882 0.0440974 0.0280542 0.0306718 0.0307822 0.0328606 0.0280542 0.0306915 0.0336007 0.0334641 0.0147360 0.0197659 0.0276736 0.0216661 0.0251298 0.0152541 0.0172292 0.0147360 0.0241732 0.0152541 0.0177646 0.0248408 0.0275753 0.0238399 0.0275753 0.0327089 0.0327881 0.0748448 0.0277869 0.0279183 0.0474263 0.0415219 0.0251471 0.0277258 0.0334590 0.0277735 0.0647787 0.0305649 0.0580722 0.0303871 0.0305816 0.0417769 0.0616076 0.0303162 0.0893521 0.0251471 0.0527903 0.0331964 0.0333179 0.0794617 0.0251792 0.0303831 0.0357953 0.0324232 0.0496457 0.0386181 0.0550488 0.0357897 0.0333179 0.0360747 0.0557203 
Brachyteles_arachnoides      0.0300349 0.0328882 0.0274407 0.0274407 0.0146823 0.0146823 0.0172840 0.0097288 0.0143345 0.0087229 0.0146975 0.0000000 0.0048744 0.0362544 0.0226401 0.0225629 0.0225629 0.0273995 0.0300671 0.0238607 0.0274984 0.0274984 0.0435301 0.0402006 0.0407149 0.0253098 0.0252107 0.0304731 0.0096635 0.0147090 0.0152251 0.0152251 0.0303039 0.0303039 0.0328413 0.0300671 0.0440263 0.0441357 0.0280756 0.0306957 0.0308063 0.0328885 0.0280756 0.0307155 0.0336277 0.0334909 0.0117204 0.0197796 0.0276943 0.0184579 0.0251482 0.0121300 0.0172409 0.0117204 0.0210259 0.0121300 0.0147178 0.0248588 0.0275959 0.0207381 0.0275959 0.0380430 0.0381359 0.0822684 0.0331039 0.0332625 0.0474691 0.0415574 0.0304192 0.0330308 0.0389247 0.0330881 0.0648454 0.0359496 0.0581283 0.0304105 0.0306053 0.0418128 0.0580067 0.0356543 0.0894613 0.0304192 0.0528397 0.0386173 0.0333444 0.0795522 0.0251978 0.0357332 0.0358243 0.0386810 0.0496908 0.0441289 0.0607973 0.0412363 0.0333444 0.0415695 0.0557737 
Brachyteles_hypoxanthus      0.0332754 0.0389518 0.0332754 0.0332754 0.0200773 0.0200773 0.0227964 0.0149642 0.0206730 0.0149390 0.0200985 0.0048744 0.0000000 0.0425628 0.0284001 0.0283008 0.0283008 0.0332251 0.0359977 0.0306702 0.0333480 0.0333480 0.0499531 0.0477467 0.0470226 0.0311760 0.0310507 0.0364997 0.0148608 0.0211677 0.0219320 0.0219320 0.0362905 0.0362905 0.0388960 0.0359977 0.0505441 0.0506747 0.0340684 0.0367722 0.0369096 0.0394759 0.0340684 0.0367964 0.0398551 0.0396876 0.0180697 0.0253642 0.0335936 0.0253321 0.0309735 0.0187194 0.0227382 0.0180697 0.0278073 0.0187194 0.0211808 0.0306075 0.0334714 0.0274145 0.0334714 0.0442587 0.0413354 0.1008822 0.0392140 0.0394083 0.0542071 0.0480268 0.0364301 0.0391263 0.0453147 0.0391952 0.0722432 0.0421901 0.0651673 0.0364194 0.0366590 0.0483273 0.0664326 0.0389359 0.0978387 0.0364301 0.0597345 0.0449476 0.0395077 0.0874893 0.0310343 0.0390236 0.0365286 0.0460314 0.0564267 0.0506651 0.0649736 0.0476435 0.0395077 0.0480410 0.0627865 
Cacajao_melanocephalus       0.0472822 0.0504757 0.0445006 0.0445006 0.0253345 0.0253345 0.0281294 0.0308189 0.0397536 0.0276694 0.0362247 0.0362544 0.0425628 0.0000000 0.0200360 0.0199680 0.0199680 0.0387072 0.0360788 0.0308230 0.0334222 0.0334222 0.0557579 0.0548976 0.0527616 0.0226784 0.0225899 0.0072969 0.0361497 0.0275914 0.0286019 0.0286019 0.0418832 0.0418832 0.0389853 0.0360788 0.0224843 0.0225361 0.0254094 0.0280124 0.0281124 0.0300039 0.0254094 0.0280303 0.0309011 0.0307762 0.0244243 0.0254185 0.0336691 0.0321256 0.0364922 0.0253151 0.0280568 0.0244243 0.0344697 0.0253151 0.0212830 0.0360543 0.0389989 0.0339741 0.0389989 0.0499512 0.0500776 0.0602653 0.0388026 0.0389926 0.0507280 0.0446920 0.0360497 0.0387159 0.0448296 0.0387842 0.0654406 0.0417435 0.0644571 0.0306635 0.0308617 0.0421757 0.0657120 0.0413944 0.0903294 0.0360497 0.0590831 0.0444706 0.0336261 0.0803038 0.0254052 0.0414872 0.0361269 0.0454642 0.0558177 0.0501220 0.0671784 0.0441963 0.0336261 0.0445578 0.0620984 
Callicebus_coimbrai          0.0331610 0.0361041 0.0305069 0.0305069 0.0123149 0.0123149 0.0149119 0.0174689 0.0235948 0.0088273 0.0226237 0.0226401 0.0284001 0.0200360 0.0000000 0.0000026 0.0000026 0.0250726 0.0277433 0.0178531 0.0251637 0.0251637 0.0412452 0.0339343 0.0384257 0.0024164 0.0024073 0.0147463 0.0225778 0.0088044 0.0091127 0.0091127 0.0279629 0.0279629 0.0305166 0.0277433 0.0275558 0.0276192 0.0048710 0.0073223 0.0073465 0.0078191 0.0048710 0.0073268 0.0098672 0.0098297 0.0058463 0.0174204 0.0253430 0.0122741 0.0227833 0.0060501 0.0148745 0.0058463 0.0149811 0.0060501 0.0088097 0.0225197 0.0252520 0.0147771 0.0252520 0.0357438 0.0358317 0.0349307 0.0251347 0.0252517 0.0362732 0.0306319 0.0225201 0.0250796 0.0307267 0.0251225 0.0502472 0.0278757 0.0495243 0.0173851 0.0124064 0.0281557 0.0439024 0.0276499 0.0709414 0.0225201 0.0443059 0.0304864 0.0201049 0.0644251 0.0123484 0.0277108 0.0225656 0.0292444 0.0412854 0.0358571 0.0494251 0.0330637 0.0201049 0.0333248 0.0471561 
Callicebus_nigrifrons        0.0330462 0.0359776 0.0304018 0.0304018 0.0122739 0.0122739 0.0148618 0.0174100 0.0235476 0.0087922 0.0225467 0.0225629 0.0283008 0.0199680 0.0000026 0.0000000 0.0000010 0.0249873 0.0276489 0.0177813 0.0250779 0.0250779 0.0411006 0.0337924 0.0382919 0.0024076 0.0023995 0.0146975 0.0225010 0.0087695 0.0090753 0.0090753 0.0278667 0.0278667 0.0304115 0.0276489 0.0274622 0.0275260 0.0048549 0.0072981 0.0073222 0.0077915 0.0048549 0.0073027 0.0098344 0.0097970 0.0058232 0.0173619 0.0252566 0.0122232 0.0227051 0.0060254 0.0148246 0.0058232 0.0149204 0.0060254 0.0087748 0.0224433 0.0251664 0.0147182 0.0251664 0.0356199 0.0357072 0.0346555 0.0250490 0.0251662 0.0361454 0.0305259 0.0224437 0.0249943 0.0306200 0.0250369 0.0500660 0.0277803 0.0493483 0.0173269 0.0123648 0.0280581 0.0437151 0.0275564 0.0735667 0.0224437 0.0441487 0.0303815 0.0200365 0.0641882 0.0123071 0.0276167 0.0224889 0.0291862 0.0411405 0.0357324 0.0519620 0.0329497 0.0200365 0.0332089 0.0469878 
Callicebus_personatus        0.0330462 0.0359776 0.0304018 0.0304018 0.0122739 0.0122739 0.0148618 0.0174100 0.0235476 0.0087922 0.0225467 0.0225629 0.0283008 0.0199680 0.0000026 0.0000010 0.0000000 0.0249873 0.0276489 0.0177813 0.0250779 0.0250779 0.0411006 0.0337924 0.0382919 0.0024076 0.0023995 0.0146975 0.0225010 0.0087695 0.0090753 0.0090753 0.0278667 0.0278667 0.0304115 0.0276489 0.0274622 0.0275260 0.0048549 0.0072981 0.0073222 0.0077915 0.0048549 0.0073027 0.0098344 0.0097970 0.0058232 0.0173619 0.0252566 0.0122232 0.0227051 0.0060254 0.0148246 0.0058232 0.0149204 0.0060254 0.0087748 0.0224433 0.0251664 0.0147182 0.0251664 0.0356199 0.0357072 0.0346555 0.0250490 0.0251662 0.0361454 0.0305259 0.0224437 0.0249943 0.0306200 0.0250369 0.0500660 0.0277803 0.0493483 0.0173269 0.0123648 0.0280581 0.0437151 0.0275564 0.0735667 0.0224437 0.0441487 0.0303815 0.0200365 0.0641882 0.0123071 0.0276167 0.0224889 0.0291862 0.0411405 0.0357324 0.0519620 0.0329497 0.0200365 0.0332089 0.0469878 
Callimico_goeldii            0.0378768 0.0408405 0.0352347 0.0352347 0.0121163 0.0121163 0.0146692 0.0222420 0.0292115 0.0207316 0.0273792 0.0273995 0.0332251 0.0387072 0.0250726 0.0249873 0.0249873 0.0000000 0.0170448 0.0175708 0.0145772 0.0145772 0.0405480 0.0465644 0.0377803 0.0277473 0.0276390 0.0329003 0.0273243 0.0145680 0.0150740 0.0150740 0.0222374 0.0222374 0.0196352 0.0170448 0.0464462 0.0465617 0.0305237 0.0331392 0.0332585 0.0354969 0.0305237 0.0331604 0.0360874 0.0359408 0.0116091 0.0121022 0.0197081 0.0182719 0.0172252 0.0120107 0.0096456 0.0116091 0.0208181 0.0120107 0.0145767 0.0221505 0.0248350 0.0267711 0.0248350 0.0351456 0.0352306 0.0741917 0.0355263 0.0356963 0.0499192 0.0439948 0.0328412 0.0354483 0.0413701 0.0355096 0.0646050 0.0383813 0.0605323 0.0328318 0.0330413 0.0442630 0.0647001 0.0380670 0.0918403 0.0328412 0.0552687 0.0410450 0.0357837 0.0819423 0.0276249 0.0381508 0.0382481 0.0414845 0.0521089 0.0465541 0.0631916 0.0436553 0.0357837 0.0440075 0.0582017 
Callithrix_aurita            0.0406413 0.0436526 0.0379750 0.0379750 0.0146239 0.0146239 0.0172141 0.0248587 0.0323551 0.0208209 0.0300443 0.0300671 0.0359977 0.0360788 0.0277433 0.0276489 0.0276489 0.0170448 0.0000000 0.0000010 0.0023927 0.0023927 0.0433372 0.0467722 0.0405366 0.0304504 0.0303310 0.0303300 0.0299839 0.0146298 0.0151402 0.0151402 0.0172082 0.0172082 0.0072509 0.0047962 0.0438100 0.0439183 0.0332667 0.0359034 0.0360340 0.0384739 0.0332667 0.0359264 0.0389004 0.0387412 0.0116582 0.0096696 0.0172227 0.0183529 0.0198017 0.0120633 0.0121265 0.0116582 0.0209081 0.0120633 0.0087095 0.0247559 0.0248079 0.0268866 0.0248079 0.0378779 0.0379700 0.0949718 0.0382908 0.0384755 0.0528701 0.0468656 0.0355779 0.0382063 0.0442222 0.0382728 0.0618616 0.0411860 0.0635464 0.0355677 0.0357959 0.0471518 0.0649982 0.0408464 0.0889485 0.0355779 0.0582536 0.0438730 0.0385702 0.0791126 0.0303154 0.0409368 0.0410422 0.0447569 0.0550451 0.0494379 0.0662247 0.0410358 0.0385702 0.0468791 0.0612189 
Callithrix_geoffroyi         0.0396845 0.0399883 0.0364857 0.0364857 0.0146594 0.0146594 0.0177813 0.0208209 0.0292091 0.0208209 0.0270008 0.0238607 0.0306702 0.0308230 0.0178531 0.0177813 0.0177813 0.0175708 0.0000010 0.0000000 0.0000010 0.0000010 0.0462359 0.0467722 0.0428333 0.0209796 0.0208823 0.0240932 0.0237828 0.0146298 0.0151402 0.0151402 0.0147712 0.0147712 0.0028887 0.0028746 0.0368409 0.0369481 0.0242150 0.0273131 0.0274292 0.0295442 0.0242150 0.0241652 0.0307525 0.0306042 0.0116582 0.0087095 0.0177920 0.0183529 0.0209081 0.0120633 0.0116582 0.0116582 0.0209081 0.0120633 0.0087095 0.0268866 0.0268866 0.0268866 0.0268866 0.0396163 0.0397325 0.0915968 0.0368509 0.0370647 0.0509498 0.0470330 0.0335976 0.0367530 0.0439813 0.0368300 0.0620264 0.0403253 0.0606433 0.0335652 0.0304802 0.0474921 0.0649982 0.0399254 0.0789013 0.0335976 0.0610648 0.0435625 0.0371513 0.0719589 0.0272767 0.0400318 0.0368939 0.0446037 0.0571446 0.0502812 0.0672514 0.0401482 0.0371513 0.0471908 0.0611582 
Callithrix_jacchus           0.0380148 0.0409907 0.0353628 0.0353628 0.0121591 0.0121591 0.0147214 0.0223218 0.0293352 0.0208209 0.0274780 0.0274984 0.0333480 0.0334222 0.0251637 0.0250779 0.0250779 0.0145772 0.0023927 0.0000010 0.0000000 0.0000010 0.0406961 0.0467722 0.0379175 0.0278487 0.0277396 0.0277377 0.0274227 0.0146298 0.0151402 0.0151402 0.0147164 0.0147164 0.0048230 0.0023927 0.0411371 0.0412381 0.0306361 0.0332614 0.0333816 0.0356369 0.0306361 0.0332827 0.0362217 0.0360741 0.0116582 0.0072360 0.0147288 0.0183529 0.0172868 0.0120633 0.0096795 0.0116582 0.0209081 0.0120633 0.0087095 0.0222296 0.0249245 0.0268866 0.0249245 0.0352730 0.0353586 0.0881632 0.0356565 0.0358277 0.0501075 0.0441586 0.0329611 0.0355779 0.0415242 0.0356396 0.0648526 0.0385230 0.0607595 0.0329517 0.0331627 0.0444288 0.0649982 0.0382063 0.0859671 0.0329611 0.0554768 0.0411967 0.0359158 0.0762047 0.0277254 0.0382908 0.0383888 0.0416618 0.0523034 0.0467271 0.0634288 0.0383827 0.0359158 0.0441714 0.0584216 
Callithrix_kuhlii            0.0380148 0.0409907 0.0353628 0.0353628 0.0121591 0.0121591 0.0147214 0.0223218 0.0293352 0.0208209 0.0274780 0.0274984 0.0333480 0.0334222 0.0251637 0.0250779 0.0250779 0.0145772 0.0023927 0.0000010 0.0000010 0.0000000 0.0406961 0.0467722 0.0379175 0.0278487 0.0277396 0.0277377 0.0274227 0.0146298 0.0151402 0.0151402 0.0147164 0.0147164 0.0048230 0.0023927 0.0411371 0.0412381 0.0306361 0.0332614 0.0333816 0.0356369 0.0306361 0.0332827 0.0362217 0.0360741 0.0116582 0.0072360 0.0147288 0.0183529 0.0172868 0.0120633 0.0096795 0.0116582 0.0209081 0.0120633 0.0087095 0.0222296 0.0249245 0.0268866 0.0249245 0.0352730 0.0353586 0.0881632 0.0356565 0.0358277 0.0501075 0.0441586 0.0329611 0.0355779 0.0415242 0.0356396 0.0648526 0.0385230 0.0607595 0.0329517 0.0331627 0.0444288 0.0649982 0.0382063 0.0859671 0.0329611 0.0554768 0.0411967 0.0359158 0.0762047 0.0277254 0.0382908 0.0383888 0.0416618 0.0523034 0.0467271 0.0634288 0.0383827 0.0359158 0.0441714 0.0584216 
Cebus_albifrons              0.0545101 0.0577411 0.0517423 0.0517423 0.0273877 0.0273877 0.0301507 0.0381020 0.0481727 0.0365861 0.0381020 0.0435301 0.0499531 0.0557579 0.0412452 0.0411006 0.0411006 0.0405480 0.0433372 0.0462359 0.0406961 0.0406961 0.0000000 0.0058295 0.0023869 0.0440140 0.0438386 0.0494515 0.0434046 0.0364821 0.0344631 0.0344631 0.0436890 0.0436890 0.0462690 0.0433372 0.0636951 0.0638627 0.0470077 0.0498144 0.0499135 0.0533608 0.0470077 0.0498465 0.0529422 0.0527187 0.0333092 0.0327053 0.0409957 0.0379969 0.0383948 0.0312015 0.0300744 0.0333092 0.0434907 0.0312015 0.0365046 0.0274404 0.0302101 0.0301127 0.0302101 0.0047917 0.0048027 0.1173155 0.0521800 0.0524405 0.0675951 0.0612302 0.0493479 0.0520635 0.0585124 0.0521563 0.0797167 0.0552582 0.0784986 0.0493337 0.0496563 0.0558597 0.0833783 0.0492380 0.1052557 0.0493479 0.0731024 0.0580427 0.0469910 0.0949137 0.0438930 0.0493479 0.0550615 0.0610857 0.0696715 0.0638469 0.0812556 0.0607347 0.0469910 0.0612480 0.0762063 
Cebus_capucinus              0.0569929 0.0574501 0.0536091 0.0536091 0.0303807 0.0303807 0.0337924 0.0370054 0.0487092 0.0370054 0.0370054 0.0402006 0.0477467 0.0548976 0.0339343 0.0337924 0.0337924 0.0465644 0.0467722 0.0467722 0.0467722 0.0467722 0.0058295 0.0000000 0.0028987 0.0372147 0.0370369 0.0472800 0.0400614 0.0368989 0.0348688 0.0348688 0.0472392 0.0472392 0.0503027 0.0500272 0.0610726 0.0612665 0.0407345 0.0440769 0.0441808 0.0470428 0.0407345 0.0407345 0.0477743 0.0475327 0.0336880 0.0369219 0.0471981 0.0384495 0.0439993 0.0315671 0.0336880 0.0336880 0.0439993 0.0315671 0.0369219 0.0304531 0.0304531 0.0304531 0.0304531 0.0058251 0.0058407 0.1262892 0.0541624 0.0544936 0.0694737 0.0651071 0.0506966 0.0540151 0.0619774 0.0541328 0.0848004 0.0579501 0.0795447 0.0506463 0.0474308 0.0586852 0.0844325 0.0505590 0.0991308 0.0506966 0.0801258 0.0613690 0.0477954 0.0918416 0.0440119 0.0506966 0.0542342 0.0648464 0.0758167 0.0685235 0.0864853 0.0646673 0.0477954 0.0653407 0.0802516 
Cebus_olivaceus              0.0515912 0.0547700 0.0488494 0.0488494 0.0247464 0.0247464 0.0274685 0.0353422 0.0449257 0.0332884 0.0353422 0.0407149 0.0470226 0.0527616 0.0384257 0.0382919 0.0382919 0.0377803 0.0405366 0.0428333 0.0379175 0.0379175 0.0023869 0.0028987 0.0000000 0.0412382 0.0410744 0.0465533 0.0405986 0.0331951 0.0310914 0.0310914 0.0408627 0.0408627 0.0434273 0.0405366 0.0606533 0.0608111 0.0441938 0.0468937 0.0470698 0.0503063 0.0441938 0.0469239 0.0500639 0.0498539 0.0300579 0.0300043 0.0381941 0.0345618 0.0356112 0.0278677 0.0273994 0.0300579 0.0400793 0.0278677 0.0332155 0.0247930 0.0275215 0.0269016 0.0275215 0.0023816 0.0023871 0.1173155 0.0492605 0.0495043 0.0644709 0.0581940 0.0464583 0.0491509 0.0554968 0.0492380 0.0764672 0.0522945 0.0753089 0.0464450 0.0467470 0.0528602 0.0794151 0.0463553 0.1017365 0.0464583 0.0699432 0.0550535 0.0441005 0.0915205 0.0410530 0.0464583 0.0521095 0.0577279 0.0665659 0.0607970 0.0780440 0.0577276 0.0441005 0.0582109 0.0730123 
Cheracebus_lugens            0.0359312 0.0389227 0.0332521 0.0332521 0.0148669 0.0148669 0.0175029 0.0200863 0.0267347 0.0118550 0.0252911 0.0253098 0.0311760 0.0226784 0.0024164 0.0024076 0.0024076 0.0277473 0.0304504 0.0209796 0.0278487 0.0278487 0.0440140 0.0372147 0.0412382 0.0000000 0.0000010 0.0173077 0.0252395 0.0118239 0.0122409 0.0122409 0.0306933 0.0306933 0.0332626 0.0304504 0.0302429 0.0303143 0.0073381 0.0098215 0.0098380 0.0104736 0.0073381 0.0098277 0.0123879 0.0123404 0.0088326 0.0200300 0.0280497 0.0154585 0.0254711 0.0091428 0.0174587 0.0088326 0.0181098 0.0091428 0.0118310 0.0251742 0.0279488 0.0178612 0.0279488 0.0385312 0.0386265 0.0346555 0.0278160 0.0279476 0.0391074 0.0333896 0.0251739 0.0277548 0.0334928 0.0278025 0.0532244 0.0305964 0.0524520 0.0199891 0.0149780 0.0309053 0.0473908 0.0303472 0.0770645 0.0251739 0.0472034 0.0332298 0.0227562 0.0675320 0.0149075 0.0304142 0.0252254 0.0323960 0.0441358 0.0386552 0.0550937 0.0358248 0.0227562 0.0361102 0.0500855 
Cheracebus_torquatus         0.0357889 0.0387669 0.0331207 0.0331207 0.0148098 0.0148098 0.0174350 0.0200082 0.0266119 0.0118005 0.0251921 0.0252107 0.0310507 0.0225899 0.0024073 0.0023995 0.0023995 0.0276390 0.0303310 0.0208823 0.0277396 0.0277396 0.0438386 0.0370369 0.0410744 0.0000010 0.0000000 0.0172414 0.0251409 0.0117697 0.0121828 0.0121828 0.0305719 0.0305719 0.0331312 0.0303310 0.0301251 0.0301959 0.0073102 0.0097841 0.0098004 0.0104309 0.0073102 0.0097902 0.0123403 0.0122932 0.0087922 0.0199523 0.0279391 0.0153844 0.0253707 0.0090995 0.0173912 0.0087922 0.0180251 0.0090995 0.0117767 0.0250761 0.0278389 0.0177788 0.0278389 0.0383786 0.0384731 0.0346555 0.0277072 0.0278378 0.0389501 0.0332572 0.0250759 0.0276465 0.0333596 0.0276939 0.0530068 0.0304758 0.0522408 0.0199117 0.0149200 0.0307823 0.0471606 0.0302286 0.0767412 0.0250759 0.0470130 0.0330986 0.0226672 0.0672530 0.0148501 0.0302951 0.0251269 0.0322486 0.0439594 0.0385016 0.0548718 0.0356833 0.0226672 0.0359665 0.0498826 
Chiropotes_chiropotes        0.0412051 0.0442672 0.0384982 0.0384982 0.0198844 0.0198844 0.0225754 0.0251893 0.0328707 0.0210276 0.0304496 0.0304731 0.0364997 0.0072969 0.0147463 0.0146975 0.0146975 0.0329003 0.0303300 0.0240932 0.0277377 0.0277377 0.0494515 0.0472800 0.0465533 0.0173077 0.0172414 0.0000000 0.0303875 0.0209706 0.0217205 0.0217205 0.0359307 0.0359307 0.0331315 0.0303300 0.0196891 0.0197336 0.0199421 0.0224838 0.0225619 0.0240496 0.0199421 0.0224980 0.0252559 0.0251562 0.0179021 0.0199486 0.0279371 0.0250852 0.0306685 0.0185396 0.0225183 0.0179021 0.0275428 0.0185396 0.0148580 0.0303087 0.0331417 0.0271575 0.0331417 0.0438183 0.0439271 0.0602653 0.0329810 0.0331385 0.0444808 0.0386592 0.0303067 0.0329084 0.0387777 0.0329653 0.0587664 0.0358152 0.0579059 0.0250659 0.0252249 0.0361784 0.0576986 0.0355220 0.0829064 0.0303067 0.0526372 0.0384725 0.0279038 0.0732218 0.0199388 0.0356004 0.0303696 0.0385134 0.0495021 0.0439624 0.0605645 0.0410817 0.0279038 0.0414123 0.0555590 
Lagothrix_lagotricha         0.0299518 0.0327959 0.0273654 0.0273654 0.0146435 0.0146435 0.0172377 0.0097034 0.0142902 0.0086957 0.0146586 0.0096635 0.0148608 0.0361497 0.0225778 0.0225010 0.0225010 0.0273243 0.0299839 0.0237828 0.0274227 0.0274227 0.0434046 0.0400614 0.0405986 0.0252395 0.0251409 0.0303875 0.0000000 0.0146623 0.0151750 0.0151750 0.0302193 0.0302193 0.0327492 0.0299839 0.0438978 0.0440065 0.0279966 0.0306089 0.0307187 0.0327885 0.0279966 0.0306285 0.0335311 0.0333950 0.0116835 0.0197264 0.0276175 0.0183962 0.0250788 0.0120905 0.0171948 0.0116835 0.0209571 0.0120905 0.0146710 0.0247910 0.0275197 0.0206712 0.0275197 0.0379352 0.0380276 0.0884227 0.0330104 0.0331681 0.0417726 0.0360051 0.0303340 0.0329377 0.0388117 0.0329946 0.0646423 0.0358468 0.0579519 0.0303252 0.0305190 0.0416900 0.0541031 0.0355531 0.0830019 0.0303340 0.0496851 0.0385061 0.0332494 0.0733085 0.0251281 0.0356316 0.0357221 0.0385522 0.0495431 0.0439998 0.0606119 0.0411170 0.0332494 0.0414481 0.0556040 
Leontocebus_fuscicollis      0.0301071 0.0303331 0.0269884 0.0269884 0.0057847 0.0057847 0.0087695 0.0117349 0.0179518 0.0117349 0.0177539 0.0147090 0.0211677 0.0275914 0.0088044 0.0087695 0.0087695 0.0145680 0.0146298 0.0146298 0.0146298 0.0146298 0.0364821 0.0368989 0.0331951 0.0118239 0.0117697 0.0209706 0.0146623 0.0000000 0.0000010 0.0000010 0.0147623 0.0147623 0.0176917 0.0176029 0.0335920 0.0336887 0.0149240 0.0179558 0.0180301 0.0194009 0.0149240 0.0148938 0.0212240 0.0211238 0.0028747 0.0057769 0.0147501 0.0090475 0.0117835 0.0029731 0.0028747 0.0028747 0.0117835 0.0029731 0.0057769 0.0176795 0.0176795 0.0176795 0.0176795 0.0300579 0.0301448 0.0616982 0.0272556 0.0274102 0.0408037 0.0370969 0.0240968 0.0271838 0.0340685 0.0272398 0.0514754 0.0305860 0.0503505 0.0178998 0.0210405 0.0374559 0.0544570 0.0302876 0.0752040 0.0240968 0.0506932 0.0337474 0.0274737 0.0683127 0.0179331 0.0303677 0.0272853 0.0328943 0.0469517 0.0402770 0.0568285 0.0368639 0.0274737 0.0372176 0.0507701 
Leontocebus_weddelli         0.0279538 0.0280679 0.0247454 0.0247454 0.0059842 0.0059842 0.0090753 0.0121455 0.0187266 0.0121455 0.0183806 0.0152251 0.0219320 0.0286019 0.0091127 0.0090753 0.0090753 0.0150740 0.0151402 0.0151402 0.0151402 0.0151402 0.0344631 0.0348688 0.0310914 0.0122409 0.0121828 0.0217205 0.0151750 0.0000010 0.0000000 0.0000010 0.0152822 0.0152822 0.0183138 0.0182186 0.0348165 0.0349206 0.0154556 0.0185972 0.0186769 0.0201517 0.0154556 0.0154232 0.0219924 0.0218848 0.0029731 0.0059758 0.0152691 0.0090475 0.0121977 0.0029731 0.0029731 0.0029731 0.0121977 0.0029731 0.0059758 0.0183009 0.0183009 0.0183009 0.0183009 0.0278677 0.0279508 0.0670253 0.0282406 0.0284067 0.0387908 0.0384660 0.0249629 0.0281635 0.0353285 0.0282236 0.0498615 0.0317026 0.0487375 0.0153834 0.0186039 0.0320551 0.0490472 0.0313821 0.0743695 0.0249629 0.0490797 0.0315765 0.0219299 0.0672492 0.0154130 0.0281635 0.0250261 0.0302638 0.0452372 0.0382757 0.0552823 0.0347814 0.0219299 0.0351241 0.0491566 
Leontocebus_fuscus           0.0279538 0.0280679 0.0247454 0.0247454 0.0059842 0.0059842 0.0090753 0.0121455 0.0187266 0.0121455 0.0183806 0.0152251 0.0219320 0.0286019 0.0091127 0.0090753 0.0090753 0.0150740 0.0151402 0.0151402 0.0151402 0.0151402 0.0344631 0.0348688 0.0310914 0.0122409 0.0121828 0.0217205 0.0151750 0.0000010 0.0000010 0.0000000 0.0152822 0.0152822 0.0183138 0.0182186 0.0348165 0.0349206 0.0154556 0.0185972 0.0186769 0.0201517 0.0154556 0.0154232 0.0219924 0.0218848 0.0029731 0.0059758 0.0152691 0.0090475 0.0121977 0.0029731 0.0029731 0.0029731 0.0121977 0.0029731 0.0059758 0.0183009 0.0183009 0.0183009 0.0183009 0.0278677 0.0279508 0.0670253 0.0282406 0.0284067 0.0387908 0.0384660 0.0249629 0.0281635 0.0353285 0.0282236 0.0498615 0.0317026 0.0487375 0.0153834 0.0186039 0.0320551 0.0490472 0.0313821 0.0743695 0.0249629 0.0490797 0.0315765 0.0219299 0.0672492 0.0154130 0.0281635 0.0250261 0.0302638 0.0452372 0.0382757 0.0552823 0.0347814 0.0219299 0.0351241 0.0491566 
Leontopithecus_chrysomelas   0.0409692 0.0440098 0.0382795 0.0382795 0.0147340 0.0147340 0.0173453 0.0250518 0.0326553 0.0210139 0.0302807 0.0303039 0.0362905 0.0418832 0.0279629 0.0278667 0.0278667 0.0222374 0.0172082 0.0147712 0.0147164 0.0147164 0.0436890 0.0472392 0.0408627 0.0306933 0.0305719 0.0359307 0.0302193 0.0147623 0.0152822 0.0152822 0.0000000 0.0000010 0.0198254 0.0172082 0.0497334 0.0498596 0.0335352 0.0361946 0.0363274 0.0388094 0.0335352 0.0362179 0.0392205 0.0390585 0.0117630 0.0147164 0.0224738 0.0185274 0.0199540 0.0121756 0.0122171 0.0117630 0.0211028 0.0121756 0.0147712 0.0249474 0.0276951 0.0271385 0.0276951 0.0381808 0.0382744 0.0966118 0.0386005 0.0387884 0.0533202 0.0472559 0.0358636 0.0385147 0.0445891 0.0385823 0.0683136 0.0415231 0.0583465 0.0358533 0.0360852 0.0475469 0.0656878 0.0411778 0.0898132 0.0358636 0.0587527 0.0442340 0.0388846 0.0859759 0.0305561 0.0412696 0.0413769 0.0451837 0.0555104 0.0498505 0.0667974 0.0413704 0.0388846 0.0472697 0.0617477 
Leontopithecus_rosalia       0.0409692 0.0440098 0.0382795 0.0382795 0.0147340 0.0147340 0.0173453 0.0250518 0.0326553 0.0210139 0.0302807 0.0303039 0.0362905 0.0418832 0.0279629 0.0278667 0.0278667 0.0222374 0.0172082 0.0147712 0.0147164 0.0147164 0.0436890 0.0472392 0.0408627 0.0306933 0.0305719 0.0359307 0.0302193 0.0147623 0.0152822 0.0152822 0.0000010 0.0000000 0.0198254 0.0172082 0.0497334 0.0498596 0.0335352 0.0361946 0.0363274 0.0388094 0.0335352 0.0362179 0.0392205 0.0390585 0.0117630 0.0147164 0.0224738 0.0185274 0.0199540 0.0121756 0.0122171 0.0117630 0.0211028 0.0121756 0.0147712 0.0249474 0.0276951 0.0271385 0.0276951 0.0381808 0.0382744 0.0966118 0.0386005 0.0387884 0.0533202 0.0472559 0.0358636 0.0385147 0.0445891 0.0385823 0.0683136 0.0415231 0.0583465 0.0358533 0.0360852 0.0475469 0.0656878 0.0411778 0.0898132 0.0358636 0.0587527 0.0442340 0.0388846 0.0859759 0.0305561 0.0412696 0.0413769 0.0451837 0.0555104 0.0498505 0.0667974 0.0413704 0.0388846 0.0472697 0.0617477 
Mico_argentatus              0.0435409 0.0466097 0.0408430 0.0408430 0.0171976 0.0171976 0.0198322 0.0275680 0.0356382 0.0239837 0.0328157 0.0328413 0.0388960 0.0389853 0.0305166 0.0304115 0.0304115 0.0196352 0.0072509 0.0028887 0.0048230 0.0048230 0.0462690 0.0503027 0.0434273 0.0332626 0.0331312 0.0331315 0.0327492 0.0176917 0.0183138 0.0183138 0.0198254 0.0198254 0.0000000 0.0072509 0.0467806 0.0468978 0.0361274 0.0387924 0.0389353 0.0415949 0.0361274 0.0388174 0.0418481 0.0416749 0.0146851 0.0121828 0.0198422 0.0215857 0.0224582 0.0151995 0.0146675 0.0146851 0.0240849 0.0151995 0.0117019 0.0274532 0.0302247 0.0301117 0.0302247 0.0407372 0.0408371 0.0970638 0.0411852 0.0413862 0.0559973 0.0498929 0.0384369 0.0410938 0.0472234 0.0411660 0.0710482 0.0441298 0.0667668 0.0384259 0.0386743 0.0501987 0.0688395 0.0437625 0.0925601 0.0384369 0.0614299 0.0468477 0.0414887 0.0825719 0.0331141 0.0438599 0.0439745 0.0482090 0.0581613 0.0524851 0.0694725 0.0439676 0.0414887 0.0499074 0.0644371 
Mico_humeralifer             0.0406413 0.0436526 0.0379750 0.0379750 0.0146239 0.0146239 0.0172141 0.0248587 0.0323551 0.0238607 0.0300443 0.0300671 0.0359977 0.0360788 0.0277433 0.0276489 0.0276489 0.0170448 0.0047962 0.0028746 0.0023927 0.0023927 0.0433372 0.0500272 0.0405366 0.0304504 0.0303310 0.0303300 0.0299839 0.0176029 0.0182186 0.0182186 0.0172082 0.0172082 0.0072509 0.0000000 0.0438100 0.0439183 0.0332667 0.0359034 0.0360340 0.0384739 0.0332667 0.0359264 0.0389004 0.0387412 0.0146119 0.0096696 0.0172227 0.0214721 0.0198017 0.0151210 0.0121265 0.0146119 0.0239609 0.0151210 0.0116439 0.0247559 0.0274800 0.0299558 0.0274800 0.0378779 0.0379700 0.0949718 0.0382908 0.0384755 0.0528701 0.0468656 0.0355779 0.0382063 0.0442222 0.0382728 0.0677142 0.0411860 0.0635464 0.0355677 0.0357959 0.0471518 0.0684415 0.0408464 0.0889485 0.0355779 0.0582536 0.0438730 0.0385702 0.0791126 0.0303154 0.0409368 0.0410422 0.0447569 0.0550451 0.0494379 0.0662247 0.0410358 0.0385702 0.0468791 0.0612189 
Pithecia_irrorata            0.0551509 0.0584308 0.0523459 0.0523459 0.0329410 0.0329410 0.0358067 0.0385290 0.0489268 0.0336877 0.0439882 0.0440263 0.0505441 0.0224843 0.0275558 0.0274622 0.0274622 0.0464462 0.0438100 0.0368409 0.0411371 0.0411371 0.0636951 0.0610726 0.0606533 0.0302429 0.0301251 0.0196891 0.0438978 0.0335920 0.0348165 0.0348165 0.0497334 0.0497334 0.0467806 0.0438100 0.0000000 0.0096256 0.0330383 0.0356566 0.0357854 0.0381910 0.0330383 0.0356793 0.0386304 0.0384733 0.0304143 0.0330512 0.0414437 0.0383932 0.0443160 0.0315185 0.0357145 0.0304143 0.0405738 0.0315185 0.0272618 0.0437822 0.0467994 0.0399912 0.0467994 0.0578205 0.0579669 0.0882932 0.0465585 0.0467879 0.0587279 0.0525731 0.0437730 0.0464549 0.0465044 0.0410837 0.0735822 0.0495641 0.0724712 0.0383325 0.0385798 0.0466700 0.0719327 0.0491489 0.0986922 0.0437730 0.0671095 0.0523109 0.0413876 0.0885396 0.0330328 0.0492584 0.0438684 0.0545460 0.0637656 0.0580228 0.0751993 0.0549795 0.0413876 0.0554376 0.0701610 
Pithecia_pithecia            0.0552925 0.0585833 0.0524793 0.0524793 0.0330195 0.0330195 0.0358933 0.0386231 0.0490716 0.0337849 0.0440974 0.0441357 0.0506747 0.0225361 0.0276192 0.0275260 0.0275260 0.0465617 0.0439183 0.0369481 0.0412381 0.0412381 0.0638627 0.0612665 0.0608111 0.0303143 0.0301959 0.0197336 0.0440065 0.0336887 0.0349206 0.0349206 0.0498596 0.0498596 0.0468978 0.0439183 0.0096256 0.0000000 0.0331173 0.0357425 0.0358719 0.0382899 0.0331173 0.0357653 0.0387249 0.0385671 0.0305009 0.0331302 0.0415463 0.0385099 0.0444270 0.0316118 0.0358006 0.0305009 0.0406947 0.0316118 0.0273387 0.0438904 0.0469168 0.0401085 0.0469168 0.0579697 0.0581169 0.0888703 0.0466745 0.0469051 0.0588823 0.0527077 0.0438810 0.0465704 0.0466201 0.0411844 0.0737843 0.0496893 0.0726667 0.0384255 0.0386741 0.0467866 0.0650168 0.0492719 0.0989833 0.0438810 0.0672892 0.0524441 0.0414898 0.0887922 0.0331118 0.0493820 0.0439769 0.0547076 0.0639336 0.0581732 0.0754034 0.0551201 0.0414898 0.0555808 0.0703507 
Plecturocebus_bernhardi      0.0388283 0.0418790 0.0361159 0.0361159 0.0174864 0.0174864 0.0201686 0.0227853 0.0299997 0.0149639 0.0280542 0.0280756 0.0340684 0.0254094 0.0048710 0.0048549 0.0048549 0.0305237 0.0332667 0.0242150 0.0306361 0.0306361 0.0470077 0.0407345 0.0441938 0.0073381 0.0073102 0.0199421 0.0279966 0.0149240 0.0154556 0.0154556 0.0335352 0.0335352 0.0361274 0.0332667 0.0330383 0.0331173 0.0000000 0.0024000 0.0024029 0.0025555 0.0000010 0.0024015 0.0048424 0.0048244 0.0118909 0.0227206 0.0308599 0.0187405 0.0282563 0.0123127 0.0201173 0.0118909 0.0213403 0.0123127 0.0149330 0.0279236 0.0307481 0.0210438 0.0307481 0.0414531 0.0415564 0.0346555 0.0305994 0.0307459 0.0420809 0.0362672 0.0279225 0.0305317 0.0363795 0.0305847 0.0563899 0.0334275 0.0555619 0.0226735 0.0176181 0.0337681 0.0510902 0.0331527 0.0805717 0.0279225 0.0502661 0.0360916 0.0254966 0.0708827 0.0175345 0.0332264 0.0279804 0.0356889 0.0471396 0.0415889 0.0582312 0.0387118 0.0254966 0.0359538 0.0531904 
