95
Alouatta_palliata           0.0000000 0.0017772 0.0453741 0.0413864 0.0397118 0.0453257 0.0293692 0.0312813 0.0294114 0.0295177 0.0353482 0.0384762 0.0416437 0.0443463 0.0495265 0.0471755 0.0533927 0.0478052 0.0492145 0.0481758 0.0494181 0.0596196 0.0500145 0.0494977 0.0497885 0.0495512 0.0411751 0.0427465 0.0453474 0.0389166 0.0468141 0.0490714 0.0489310 0.0494201 0.0612215 0.0512964 0.0532595 0.0552730 0.0592545 0.0573228 0.0552730 0.0572610 0.0533130 0.0514883 0.0534626 0.0356785 0.0415329 0.0377448 0.0365621 0.0335640 0.0475959 0.0356260 0.0336581 0.0355158 0.0388119 0.0395469 0.0388744 0.0597629 0.0615882 0.0575183 0.0471839 0.0491056 0.0453337 0.1224763 0.0928447 0.0911277 0.0988757 0.0951759 0.0978410 0.1145226 0.0928447 0.1885563 0.0905881 0.0806043 0.1999507 0.0930974 0.2287638 0.1025854 0.0960982 0.1914993 0.1057646 0.0719875 0.2399277 0.0868101 0.0977315 0.1081335 0.0886240 0.1048488 0.2103793 0.1027132 0.1075444 0.1026311 0.0906926 0.1143332 0.1710245 
Alouatta_sara               0.0017772 0.0000000 0.0473278 0.0433253 0.0416587 0.0472773 0.0312462 0.0331653 0.0312911 0.0314044 0.0372578 0.0404551 0.0435944 0.0463369 0.0515007 0.0491280 0.0553737 0.0499577 0.0511761 0.0501716 0.0513881 0.0616262 0.0520877 0.0514696 0.0517728 0.0515264 0.0431039 0.0455053 0.0481066 0.0408241 0.0488307 0.0512805 0.0511336 0.0513902 0.0632194 0.0532677 0.0552355 0.0572557 0.0612479 0.0593131 0.0572557 0.0592490 0.0552912 0.0534672 0.0554466 0.0376063 0.0434784 0.0396839 0.0386496 0.0354753 0.0497362 0.0375509 0.0355750 0.0374343 0.0409145 0.0414850 0.0409802 0.0617720 0.0635971 0.0595145 0.0491359 0.0510622 0.0473709 0.1224763 0.0949922 0.0932793 0.1010736 0.0973339 0.1000169 0.1167645 0.0949922 0.1910908 0.0927253 0.0827305 0.2025177 0.0952514 0.2314909 0.1047801 0.0982776 0.1940378 0.1079860 0.0740867 0.2426710 0.0889487 0.0999047 0.1103651 0.0907598 0.1070501 0.2129989 0.1049112 0.1097644 0.1048263 0.0928343 0.1165713 0.1735143 
Aotus_azarae                0.0453741 0.0473278 0.0000000 0.0035517 0.0017845 0.0071301 0.0295161 0.0314373 0.0295587 0.0296661 0.0316635 0.0366859 0.0336213 0.0381384 0.0452795 0.0429900 0.0491051 0.0410041 0.0410255 0.0418600 0.0411927 0.0511467 0.0352540 0.0335001 0.0455181 0.0453018 0.0332459 0.0396761 0.0422562 0.0391083 0.0344429 0.0355176 0.0354176 0.0373034 0.0527698 0.0431150 0.0411329 0.0470095 0.0509152 0.0450649 0.0470095 0.0489596 0.0450836 0.0472181 0.0491683 0.0277529 0.0334805 0.0315474 0.0279865 0.0257244 0.0344714 0.0277126 0.0257950 0.0276290 0.0301525 0.0315430 0.0302002 0.0472954 0.0491032 0.0451545 0.0313720 0.0332363 0.0328926 0.1084761 0.0835863 0.0862068 0.0962357 0.0902121 0.0884206 0.1092288 0.0879208 0.1721113 0.0746878 0.0691348 0.1875463 0.0881577 0.2156062 0.0974855 0.0934929 0.1774412 0.1051151 0.0628908 0.2333221 0.0751952 0.0883338 0.1051227 0.0685647 0.0997171 0.1896596 0.0976049 0.1000408 0.0997067 0.0901511 0.1045176 0.1602367 
Aotus_griseimembra          0.0413864 0.0433253 0.0035517 0.0000000 0.0000025 0.0035482 0.0257014 0.0276042 0.0257383 0.0258314 0.0316303 0.0366459 0.0297390 0.0341528 0.0412998 0.0390584 0.0451027 0.0388477 0.0371118 0.0378628 0.0372623 0.0471212 0.0311756 0.0296323 0.0415174 0.0413200 0.0294076 0.0369007 0.0394762 0.0352109 0.0304627 0.0311680 0.0310809 0.0372641 0.0487574 0.0391709 0.0372089 0.0430345 0.0469098 0.0450171 0.0430345 0.0449695 0.0450358 0.0432244 0.0451600 0.0239351 0.0296148 0.0277002 0.0238623 0.0219428 0.0302551 0.0239005 0.0220025 0.0238290 0.0259939 0.0276961 0.0260348 0.0432979 0.0451024 0.0411879 0.0275468 0.0293990 0.0288741 0.1045182 0.0791970 0.0817744 0.0916593 0.0857572 0.0839633 0.1045571 0.0834924 0.1719003 0.0704001 0.0648548 0.1873148 0.0837161 0.2153294 0.0929383 0.0889604 0.1772234 0.1004645 0.0586629 0.2330206 0.0708767 0.0838817 0.1004696 0.0643213 0.0951506 0.1894236 0.0930510 0.0954546 0.0951407 0.0857004 0.0998949 0.1600407 
Aotus_nancymaae             0.0397118 0.0416587 0.0017845 0.0000025 0.0000000 0.0035741 0.0258956 0.0278132 0.0259330 0.0260275 0.0318724 0.0368413 0.0299665 0.0343310 0.0416190 0.0393576 0.0454518 0.0390668 0.0373954 0.0380599 0.0375482 0.0474874 0.0313425 0.0298576 0.0418401 0.0416395 0.0296301 0.0371691 0.0397635 0.0354795 0.0307014 0.0314349 0.0313466 0.0375499 0.0491341 0.0394717 0.0374940 0.0413772 0.0452682 0.0433661 0.0413772 0.0433200 0.0433841 0.0415607 0.0435044 0.0241164 0.0298403 0.0279101 0.0240580 0.0221079 0.0305068 0.0240813 0.0221685 0.0240088 0.0262078 0.0279064 0.0262498 0.0436334 0.0454514 0.0415053 0.0277544 0.0296214 0.0290275 0.1050095 0.0776454 0.0802267 0.0901365 0.0842309 0.0824233 0.1030993 0.0819586 0.1734519 0.0709665 0.0653794 0.1890191 0.0821798 0.2144122 0.0914344 0.0874328 0.1788255 0.0989830 0.0591350 0.2322131 0.0714510 0.0823430 0.0989874 0.0648372 0.0936567 0.1880125 0.0915457 0.0939566 0.0936469 0.0841751 0.0984181 0.1588307 
Aotus_trivirgatus           0.0453257 0.0472773 0.0071301 0.0035482 0.0035741 0.0000000 0.0294854 0.0314046 0.0295279 0.0296351 0.0354871 0.0406650 0.0335859 0.0380974 0.0452313 0.0429447 0.0490527 0.0431220 0.0409823 0.0418150 0.0411492 0.0490765 0.0352151 0.0334650 0.0454694 0.0452535 0.0332112 0.0424073 0.0449883 0.0390672 0.0344057 0.0354757 0.0353759 0.0411511 0.0527136 0.0430693 0.0410895 0.0450174 0.0489076 0.0470097 0.0450174 0.0469598 0.0470293 0.0452166 0.0471593 0.0277240 0.0334454 0.0315144 0.0279549 0.0256978 0.0344319 0.0276838 0.0257682 0.0276003 0.0301182 0.0315100 0.0301659 0.0472449 0.0490508 0.0451066 0.0313393 0.0332016 0.0328566 0.1122463 0.0791970 0.0817744 0.0916593 0.0857572 0.0839633 0.1045571 0.0834924 0.1719003 0.0746050 0.0690578 0.1873148 0.0837161 0.2153294 0.0929383 0.0889604 0.1772234 0.1004645 0.0628211 0.2330206 0.0751113 0.0838817 0.1004696 0.0643213 0.0951506 0.1894236 0.0930510 0.0954546 0.0951407 0.0857004 0.0998949 0.1600407 
Ateles_belzebuth            0.0293692 0.0312462 0.0295161 0.0257014 0.0258956 0.0294854 0.0000000 0.0017698 0.0000025 0.0000025 0.0089789 0.0167994 0.0258605 0.0301650 0.0334486 0.0313021 0.0372043 0.0303815 0.0294373 0.0300275 0.0295556 0.0392381 0.0351814 0.0334351 0.0336249 0.0334647 0.0255733 0.0233392 0.0258930 0.0125197 0.0304358 0.0290172 0.0289365 0.0333773 0.0409000 0.0352159 0.0371136 0.0429290 0.0467929 0.0449057 0.0429290 0.0448583 0.0410219 0.0392164 0.0411341 0.0201599 0.0257925 0.0238960 0.0177822 0.0182022 0.0281699 0.0201301 0.0182515 0.0200703 0.0198659 0.0238923 0.0198970 0.0471915 0.0489947 0.0450568 0.0313122 0.0331723 0.0328263 0.0979037 0.0832375 0.0815251 0.0913668 0.0854929 0.0880447 0.1042116 0.0832375 0.1650772 0.0725811 0.0670309 0.1803912 0.0834598 0.2191629 0.0926433 0.0886812 0.1703717 0.0956616 0.0587017 0.2369763 0.0730734 0.0879493 0.0982690 0.0706589 0.0948464 0.1844595 0.0927551 0.0974255 0.0948366 0.0811388 0.1040414 0.1507047 
Ateles_fusciceps            0.0312813 0.0331653 0.0314373 0.0276042 0.0278132 0.0314046 0.0017698 0.0000000 0.0017722 0.0000025 0.0108004 0.0187122 0.0277750 0.0321297 0.0353937 0.0332242 0.0391604 0.0324943 0.0313535 0.0319837 0.0314799 0.0412083 0.0372312 0.0353786 0.0355801 0.0354108 0.0274663 0.0260223 0.0285807 0.0143434 0.0305767 0.0291643 0.0290828 0.0353182 0.0428642 0.0371602 0.0390647 0.0449057 0.0487845 0.0468921 0.0449057 0.0468424 0.0429921 0.0411852 0.0431100 0.0220459 0.0277019 0.0257964 0.0198094 0.0200703 0.0302613 0.0220131 0.0201249 0.0219486 0.0219098 0.0257925 0.0219442 0.0491994 0.0510041 0.0470493 0.0332343 0.0351004 0.0348459 0.0979037 0.0854372 0.0837269 0.0936394 0.0877056 0.0902784 0.1065311 0.0854372 0.1677313 0.0747307 0.0691768 0.1831077 0.0856660 0.2221370 0.0949015 0.0909319 0.1730451 0.0979504 0.0608111 0.2342429 0.0752385 0.0901800 0.1005770 0.0728048 0.0971141 0.1872141 0.0950166 0.0997146 0.0971040 0.0833301 0.1063569 0.1533031 
Ateles_geoffroyi            0.0294114 0.0312911 0.0295587 0.0257383 0.0259330 0.0295279 0.0000025 0.0017722 0.0000000 0.0000025 0.0089918 0.0168241 0.0258978 0.0302086 0.0334972 0.0313472 0.0372584 0.0304297 0.0294796 0.0300705 0.0295980 0.0392954 0.0352349 0.0334836 0.0336740 0.0335133 0.0256098 0.0233867 0.0259460 0.0125379 0.0304810 0.0290644 0.0289833 0.0334257 0.0409595 0.0352669 0.0371674 0.0429917 0.0468614 0.0449714 0.0429917 0.0449239 0.0410817 0.0392737 0.0411942 0.0201887 0.0258296 0.0239303 0.0178097 0.0182286 0.0282143 0.0201596 0.0182780 0.0200999 0.0198969 0.0239266 0.0199281 0.0472611 0.0490669 0.0451229 0.0313573 0.0332201 0.0328762 0.0944368 0.0833669 0.0816521 0.0915127 0.0856263 0.0881830 0.1043783 0.0833669 0.1653621 0.0726925 0.0671343 0.1807057 0.0835897 0.2195679 0.0927897 0.0888211 0.1706664 0.0958142 0.0587915 0.2374191 0.0731862 0.0880870 0.0984264 0.0707673 0.0949967 0.1847843 0.0929018 0.0975803 0.0949868 0.0812647 0.1042076 0.1509629 
Ateles_hybridus             0.0295177 0.0314044 0.0296661 0.0258314 0.0260275 0.0296351 0.0000025 0.0000025 0.0000025 0.0000000 0.0090236 0.0168860 0.0259920 0.0303211 0.0336198 0.0314609 0.0373949 0.0304646 0.0295864 0.0301821 0.0297059 0.0394400 0.0353707 0.0336061 0.0337979 0.0336361 0.0257020 0.0234211 0.0259841 0.0125821 0.0285731 0.0269856 0.0269103 0.0335478 0.0411095 0.0353957 0.0373033 0.0431497 0.0470342 0.0451372 0.0431497 0.0450893 0.0412319 0.0394180 0.0413460 0.0202612 0.0259233 0.0240170 0.0178790 0.0182941 0.0283262 0.0202323 0.0183438 0.0201721 0.0199748 0.0240132 0.0200062 0.0474367 0.0492489 0.0452897 0.0314710 0.0333407 0.0330013 0.0979037 0.0836918 0.0819712 0.0918776 0.0859611 0.0885299 0.1047967 0.0836918 0.1660702 0.0729728 0.0673943 0.1814839 0.0839163 0.2205618 0.0931568 0.0891730 0.1713982 0.0961970 0.0590174 0.2354422 0.0734696 0.0884331 0.0988218 0.0710404 0.0953731 0.1855883 0.0932698 0.0979695 0.0953632 0.0815809 0.1046247 0.1516058 
Brachyteles_arachnoides     0.0353482 0.0372578 0.0316635 0.0316303 0.0318724 0.0354871 0.0089789 0.0108004 0.0089918 0.0090236 0.0000000 0.0073541 0.0318271 0.0363144 0.0373554 0.0351621 0.0411343 0.0348517 0.0354297 0.0361498 0.0355740 0.0454556 0.0394172 0.0374449 0.0376474 0.0374678 0.0314706 0.0316056 0.0341854 0.0181250 0.0366433 0.0357682 0.0356670 0.0355726 0.0471071 0.0413291 0.0432586 0.0430914 0.0469707 0.0411597 0.0430914 0.0450284 0.0372887 0.0393646 0.0412898 0.0260047 0.0317427 0.0298072 0.0240551 0.0239813 0.0347081 0.0259668 0.0240463 0.0258883 0.0262039 0.0298029 0.0262455 0.0535716 0.0553897 0.0513764 0.0373330 0.0392228 0.0391654 0.1023863 0.0904290 0.0887146 0.0988417 0.0927389 0.0953727 0.1119049 0.0904290 0.1741985 0.0752790 0.0739627 0.1897987 0.0906738 0.2239058 0.1000754 0.0960685 0.1795834 0.1032102 0.0654708 0.2419439 0.0757939 0.0952669 0.1058939 0.0776095 0.1023210 0.1878797 0.1001989 0.1049839 0.1023102 0.0882922 0.1117206 0.1595675 
Brachyteles_hypoxanthus     0.0384762 0.0404551 0.0366859 0.0366459 0.0368413 0.0406650 0.0167994 0.0187122 0.0168241 0.0168860 0.0073541 0.0000000 0.0368816 0.0408454 0.0426046 0.0402814 0.0463367 0.0370145 0.0405983 0.0405983 0.0407697 0.0469630 0.0435983 0.0427083 0.0429485 0.0427378 0.0364550 0.0370144 0.0395952 0.0244732 0.0420364 0.0438975 0.0437683 0.0407679 0.0527643 0.0467550 0.0487616 0.0465074 0.0505300 0.0445048 0.0465074 0.0485159 0.0404895 0.0426546 0.0446504 0.0308062 0.0367800 0.0347614 0.0313064 0.0286746 0.0425419 0.0307595 0.0287567 0.0306625 0.0335863 0.0347568 0.0336418 0.0574876 0.0593659 0.0551935 0.0425738 0.0444182 0.0433179 0.1213273 0.0958345 0.0940729 0.1046960 0.0982485 0.1010172 0.1182882 0.0936124 0.1812241 0.0823230 0.0810183 0.1975124 0.0961025 0.2303347 0.1059283 0.1017787 0.1868376 0.1069751 0.0721422 0.2491608 0.0829068 0.1008992 0.1120617 0.0847762 0.1082682 0.1922613 0.1060648 0.1110708 0.1082562 0.0936116 0.1156291 0.1631969 
Cacajao_calvus              0.0416437 0.0435944 0.0336213 0.0297390 0.0299665 0.0335859 0.0258605 0.0277750 0.0258978 0.0259920 0.0318271 0.0368816 0.0000000 0.0036177 0.0316457 0.0295121 0.0354059 0.0434850 0.0412956 0.0421403 0.0414647 0.0514842 0.0437425 0.0415355 0.0318131 0.0316609 0.0071619 0.0102236 0.0101741 0.0354281 0.0386825 0.0379894 0.0378828 0.0414669 0.0531162 0.0315750 0.0334726 0.0411341 0.0449994 0.0431097 0.0411341 0.0430641 0.0392256 0.0374143 0.0393329 0.0279371 0.0337023 0.0317564 0.0261344 0.0258944 0.0368608 0.0278963 0.0259659 0.0278115 0.0283020 0.0317519 0.0283470 0.0556497 0.0574712 0.0534366 0.0393090 0.0412066 0.0412461 0.0903144 0.0883728 0.0866519 0.0912554 0.0906762 0.0932970 0.1097937 0.0883728 0.1799361 0.0775182 0.0719171 0.1945079 0.0886117 0.2273855 0.0979892 0.0939783 0.1878846 0.1011037 0.0634411 0.2455697 0.0780502 0.0931935 0.1033244 0.0755729 0.1002322 0.1979446 0.0959195 0.1006684 0.1002216 0.0862384 0.1096127 0.1699935 
Cacajao_melanocephalus      0.0443463 0.0463369 0.0381384 0.0341528 0.0343310 0.0380974 0.0301650 0.0321297 0.0302086 0.0303211 0.0363144 0.0408454 0.0036177 0.0000000 0.0361057 0.0338865 0.0397875 0.0455322 0.0459974 0.0460664 0.0461895 0.0564803 0.0457069 0.0462674 0.0362996 0.0361235 0.0109582 0.0101827 0.0101330 0.0399736 0.0434698 0.0432082 0.0430827 0.0461921 0.0581192 0.0360238 0.0379659 0.0437937 0.0477377 0.0458123 0.0437937 0.0457630 0.0418475 0.0400063 0.0419643 0.0323216 0.0382310 0.0362335 0.0308344 0.0302056 0.0418935 0.0322737 0.0302902 0.0321731 0.0330778 0.0362287 0.0331316 0.0587163 0.0605701 0.0564437 0.0439532 0.0458951 0.0431888 0.1010521 0.0921627 0.0904190 0.0951413 0.0945248 0.0972236 0.1141341 0.0899816 0.1889707 0.0832972 0.0776000 0.2052037 0.0924168 0.2322726 0.1020327 0.0979460 0.1945554 0.1052520 0.0688944 0.2509016 0.0838805 0.0971131 0.1075258 0.0813119 0.1043277 0.2042538 0.0999207 0.1047931 0.1043164 0.0899809 0.1139429 0.1737355 
Callicebus_coimbrai         0.0495265 0.0515007 0.0452795 0.0412998 0.0416190 0.0452313 0.0334486 0.0353937 0.0334972 0.0336198 0.0373554 0.0426046 0.0316457 0.0361057 0.0000000 0.0053500 0.0071775 0.0521315 0.0451603 0.0460867 0.0453459 0.0554419 0.0478374 0.0454169 0.0183970 0.0183079 0.0332700 0.0396399 0.0422181 0.0431503 0.0467138 0.0489568 0.0488170 0.0453439 0.0570572 0.0392444 0.0411629 0.0200655 0.0237808 0.0219432 0.0200655 0.0219206 0.0182232 0.0164244 0.0182708 0.0356030 0.0414457 0.0394685 0.0364793 0.0334931 0.0474877 0.0355507 0.0335868 0.0354410 0.0387240 0.0394637 0.0387861 0.0637305 0.0655545 0.0614618 0.0431512 0.0450577 0.0452854 0.0708192 0.0946625 0.0929539 0.1032075 0.0925856 0.0996668 0.1163483 0.0946625 0.1848773 0.0817162 0.0804460 0.2007540 0.0949193 0.2243256 0.1017727 0.0959118 0.1903453 0.1076028 0.0718443 0.2529553 0.0866413 0.0995549 0.1098439 0.0840925 0.1066739 0.2001621 0.1045420 0.1093755 0.1066625 0.0925121 0.1115492 0.1726883 
Callicebus_nigrifrons       0.0471755 0.0491280 0.0429900 0.0390584 0.0393576 0.0429447 0.0313021 0.0332242 0.0313472 0.0314609 0.0351621 0.0402814 0.0295121 0.0338865 0.0053500 0.0000000 0.0089261 0.0495319 0.0428773 0.0437493 0.0430521 0.0530256 0.0495447 0.0470517 0.0164071 0.0163295 0.0311361 0.0365175 0.0390664 0.0408937 0.0443400 0.0463397 0.0462091 0.0430500 0.0506761 0.0370318 0.0389302 0.0180778 0.0217540 0.0199337 0.0180778 0.0199134 0.0162539 0.0144685 0.0162965 0.0334185 0.0391956 0.0372421 0.0341102 0.0313433 0.0449638 0.0333698 0.0314300 0.0332680 0.0363189 0.0372374 0.0363765 0.0612142 0.0630237 0.0589794 0.0447844 0.0466822 0.0469876 0.0708074 0.0941136 0.0924124 0.1025958 0.0920487 0.0990835 0.1156568 0.0941136 0.1833788 0.0789442 0.0776624 0.1938004 0.0943673 0.2167576 0.1011769 0.0953486 0.1887977 0.1069639 0.0691665 0.2519366 0.0837912 0.0989729 0.1091902 0.0812848 0.1060457 0.1985097 0.1039263 0.1087274 0.1060345 0.0919762 0.1108884 0.1712988 
Callicebus_personatus       0.0533927 0.0553737 0.0491051 0.0451027 0.0454518 0.0490527 0.0372043 0.0391604 0.0372584 0.0373949 0.0411343 0.0463367 0.0354059 0.0397875 0.0071775 0.0089261 0.0000000 0.0538924 0.0469755 0.0477437 0.0471685 0.0572707 0.0516610 0.0492530 0.0221009 0.0219951 0.0370063 0.0447426 0.0473014 0.0469514 0.0506597 0.0532745 0.0531224 0.0491760 0.0588740 0.0430284 0.0449529 0.0237402 0.0274696 0.0256288 0.0237402 0.0256023 0.0218921 0.0200967 0.0219503 0.0393930 0.0452612 0.0432729 0.0405793 0.0372541 0.0516739 0.0393351 0.0373587 0.0392130 0.0428498 0.0432680 0.0429185 0.0676588 0.0694793 0.0653687 0.0469522 0.0488645 0.0490726 0.0750516 0.1012223 0.0995236 0.1099693 0.0991323 0.1063187 0.1232202 0.1012223 0.1903396 0.0857843 0.0801989 0.2063122 0.1014981 0.2302106 0.1084404 0.1025648 0.1958339 0.1144019 0.0759096 0.2602490 0.0907567 0.1061976 0.1166681 0.0881801 0.1134114 0.2057610 0.1112665 0.1161720 0.1133991 0.0990516 0.1159852 0.1780831 
Callithrix_aurita           0.0478052 0.0499577 0.0410041 0.0388477 0.0390668 0.0431220 0.0303815 0.0324943 0.0304297 0.0304646 0.0348517 0.0370145 0.0434850 0.0455322 0.0521315 0.0495319 0.0538924 0.0000000 0.0019318 0.0019318 0.0019390 0.0158269 0.0477835 0.0476452 0.0524327 0.0521599 0.0429506 0.0478632 0.0504448 0.0409357 0.0446683 0.0469306 0.0467832 0.0431884 0.0177121 0.0540620 0.0562153 0.0561850 0.0605384 0.0561850 0.0561850 0.0583584 0.0562111 0.0564614 0.0586345 0.0326479 0.0389979 0.0368502 0.0333456 0.0303742 0.0453829 0.0325956 0.0304664 0.0324865 0.0357900 0.0368450 0.0358530 0.0610704 0.0630632 0.0586113 0.0451456 0.0470987 0.0449286 0.1327902 0.1000224 0.1006844 0.1122512 0.1051679 0.1032093 0.1269160 0.1001597 0.1884970 0.0928012 0.0860747 0.2060074 0.1028613 0.2393746 0.1135076 0.1090624 0.1945187 0.1171544 0.0765895 0.2621938 0.0910201 0.1080540 0.1223270 0.0906450 0.1160359 0.2053237 0.1136663 0.1164716 0.1160220 0.1001587 0.1240189 0.1720867 
Callithrix_geoffroyi        0.0492145 0.0511761 0.0410255 0.0371118 0.0373954 0.0409823 0.0294373 0.0313535 0.0294796 0.0295864 0.0354297 0.0405983 0.0412956 0.0459974 0.0451603 0.0428773 0.0469755 0.0019318 0.0000000 0.0000010 0.0000025 0.0125600 0.0474482 0.0450657 0.0453977 0.0451825 0.0408345 0.0507023 0.0532885 0.0390052 0.0423120 0.0441198 0.0439956 0.0449936 0.0142862 0.0469206 0.0488562 0.0508371 0.0547597 0.0528520 0.0508371 0.0527957 0.0528741 0.0510630 0.0530212 0.0314878 0.0372423 0.0352977 0.0320226 0.0294307 0.0428129 0.0314421 0.0295118 0.0313466 0.0342143 0.0352931 0.0342676 0.0591680 0.0609766 0.0569477 0.0428200 0.0447118 0.0449210 0.1092625 0.0920512 0.0947454 0.1050172 0.0987805 0.0969996 0.1181453 0.0964462 0.1776932 0.0854890 0.0799196 0.1932775 0.0967072 0.2253334 0.1062050 0.1021973 0.1830686 0.1094072 0.0713762 0.2482355 0.0860750 0.1013447 0.1140184 0.0835454 0.1084658 0.1933315 0.1063373 0.1088263 0.1084542 0.0942974 0.1179510 0.1657150 
Callithrix_kuhlii           0.0481758 0.0501716 0.0418600 0.0378628 0.0380599 0.0418150 0.0300275 0.0319837 0.0300705 0.0301821 0.0361498 0.0405983 0.0421403 0.0460664 0.0460867 0.0437493 0.0477437 0.0019318 0.0000010 0.0000000 0.0000025 0.0128045 0.0474482 0.0459887 0.0463347 0.0461108 0.0416611 0.0507023 0.0532885 0.0397951 0.0431998 0.0451333 0.0450025 0.0459141 0.0145634 0.0478817 0.0498580 0.0498331 0.0538238 0.0518819 0.0498331 0.0518256 0.0519039 0.0500576 0.0520509 0.0321231 0.0379984 0.0360126 0.0327221 0.0300207 0.0437656 0.0320760 0.0301051 0.0319766 0.0349660 0.0360078 0.0350226 0.0583673 0.0602121 0.0561083 0.0436893 0.0456205 0.0449210 0.1135301 0.0917765 0.0945208 0.1049905 0.0986334 0.0968183 0.1183810 0.0940652 0.1794468 0.0873450 0.0816628 0.1954027 0.0965202 0.2252706 0.1062021 0.1021149 0.1849475 0.1094688 0.0729209 0.2486677 0.0879564 0.1012471 0.1141717 0.0853601 0.1085074 0.1922499 0.1063370 0.1088754 0.1084956 0.0940645 0.1181820 0.1644696 
Callithrix_penicillata      0.0494181 0.0513881 0.0411927 0.0372623 0.0375482 0.0411492 0.0295556 0.0314799 0.0295980 0.0297059 0.0355740 0.0407697 0.0414647 0.0461895 0.0453459 0.0430521 0.0471685 0.0019390 0.0000025 0.0000025 0.0000000 0.0126091 0.0476533 0.0452506 0.0455854 0.0453685 0.0410002 0.0509988 0.0535998 0.0391635 0.0424899 0.0443222 0.0441970 0.0451780 0.0143419 0.0471132 0.0490566 0.0510464 0.0549859 0.0530702 0.0510464 0.0530134 0.0530922 0.0512742 0.0532408 0.0316146 0.0373938 0.0354410 0.0321623 0.0295490 0.0408930 0.0315691 0.0296308 0.0314729 0.0343646 0.0354363 0.0344193 0.0594147 0.0612306 0.0571839 0.0429942 0.0448939 0.0451128 0.1101040 0.0924545 0.0951630 0.1054892 0.0992156 0.0974287 0.1186790 0.0968695 0.1785505 0.0858604 0.0802678 0.1942173 0.0971329 0.2264860 0.1066786 0.1026532 0.1839534 0.1099008 0.0716851 0.2495199 0.0864513 0.1017935 0.1145343 0.0839085 0.1089503 0.1942725 0.1068122 0.1093135 0.1089386 0.0947107 0.1184835 0.1665111 
Cebuella_pygmaea            0.0596196 0.0616262 0.0511467 0.0471212 0.0474874 0.0490765 0.0392381 0.0412083 0.0392954 0.0394400 0.0454556 0.0469630 0.0514842 0.0564803 0.0554419 0.0530256 0.0572707 0.0158269 0.0125600 0.0128045 0.0126091 0.0000000 0.0563939 0.0535127 0.0557342 0.0554696 0.0509050 0.0625570 0.0651736 0.0490509 0.0486699 0.0510973 0.0509510 0.0552351 0.0125099 0.0531831 0.0551487 0.0612147 0.0652289 0.0632878 0.0612147 0.0632190 0.0633147 0.0614913 0.0634942 0.0413896 0.0433375 0.0452871 0.0427433 0.0392299 0.0539164 0.0413285 0.0393398 0.0411997 0.0450331 0.0452824 0.0451059 0.0679965 0.0698257 0.0656938 0.0511554 0.0530888 0.0537153 0.1180041 0.1018788 0.1046871 0.1153529 0.1087988 0.1070144 0.1287771 0.1063888 0.1798242 0.0970118 0.0914044 0.1955998 0.1066817 0.2281491 0.1164793 0.1124134 0.1852631 0.1198442 0.0826338 0.2513490 0.0976857 0.1114622 0.1245845 0.0950418 0.1187974 0.1999145 0.1166287 0.1192077 0.1187843 0.1041884 0.1285630 0.1698809 
Cebus_albifrons             0.0500145 0.0520877 0.0352540 0.0311756 0.0313425 0.0352151 0.0351814 0.0372312 0.0352349 0.0353707 0.0394172 0.0435983 0.0437425 0.0457069 0.0478374 0.0495447 0.0516610 0.0477835 0.0474482 0.0474482 0.0476533 0.0563939 0.0000000 0.0000025 0.0502436 0.0499926 0.0429111 0.0480289 0.0506171 0.0433700 0.0406341 0.0400412 0.0399218 0.0476554 0.0599729 0.0538902 0.0559550 0.0517185 0.0558632 0.0538485 0.0517185 0.0537878 0.0496820 0.0519613 0.0540306 0.0333321 0.0394329 0.0373696 0.0318411 0.0311428 0.0387883 0.0332811 0.0312337 0.0331739 0.0341643 0.0373647 0.0342216 0.0478980 0.0498035 0.0456376 0.0056248 0.0074835 0.0056202 0.1354569 0.0954201 0.0982966 0.1067824 0.1025707 0.1006962 0.1208087 0.0978067 0.1946578 0.0908008 0.0849164 0.2114638 0.1003728 0.2400252 0.1104860 0.1062447 0.2004303 0.1188200 0.0781287 0.2624677 0.0914603 0.1053079 0.1188363 0.0887415 0.1128889 0.2162771 0.1106326 0.1132902 0.1128760 0.1024939 0.1204642 0.1788972 
Cebus_capucinus             0.0494977 0.0514696 0.0335001 0.0296323 0.0298576 0.0334650 0.0334351 0.0353786 0.0334836 0.0336061 0.0374449 0.0427083 0.0415355 0.0462674 0.0454169 0.0470517 0.0492530 0.0476452 0.0450657 0.0459887 0.0452506 0.0535127 0.0000025 0.0000000 0.0476822 0.0474552 0.0407846 0.0478508 0.0504293 0.0411994 0.0385418 0.0377947 0.0376885 0.0452526 0.0569294 0.0511597 0.0531169 0.0511223 0.0550649 0.0531478 0.0511223 0.0530909 0.0491843 0.0513506 0.0533188 0.0316725 0.0374590 0.0355035 0.0301309 0.0296030 0.0366758 0.0316263 0.0296850 0.0315297 0.0323190 0.0354989 0.0323705 0.0474341 0.0492463 0.0452869 0.0053569 0.0071447 0.0056063 0.1224906 0.0925508 0.0952590 0.1055856 0.0993117 0.0975245 0.1165057 0.0969657 0.1856247 0.0859556 0.0803635 0.2013849 0.0972292 0.2307644 0.1067738 0.1027501 0.1910522 0.1146146 0.0739600 0.2517701 0.0865475 0.1018894 0.1146275 0.0840038 0.1090448 0.2090945 0.1069074 0.1094091 0.1090331 0.0992420 0.1185744 0.1735265 
Cheracebus_lugens           0.0497885 0.0517728 0.0455181 0.0415174 0.0418401 0.0454694 0.0336249 0.0355801 0.0336740 0.0337979 0.0376474 0.0429485 0.0318131 0.0362996 0.0183970 0.0164071 0.0221009 0.0524327 0.0453977 0.0463347 0.0455854 0.0557342 0.0502436 0.0476822 0.0000000 0.0035883 0.0334445 0.0372045 0.0397993 0.0433769 0.0469672 0.0492466 0.0491052 0.0475508 0.0573558 0.0394509 0.0413791 0.0277189 0.0315031 0.0296393 0.0277189 0.0296084 0.0258452 0.0240346 0.0259148 0.0357917 0.0398514 0.0396772 0.0366875 0.0336699 0.0457833 0.0357388 0.0337645 0.0356279 0.0389456 0.0378601 0.0390085 0.0640662 0.0658985 0.0617847 0.0453799 0.0473031 0.0476432 0.0454390 0.0975958 0.0958805 0.1062922 0.0954990 0.0997222 0.1195752 0.0975958 0.1887028 0.0865057 0.0781562 0.2047263 0.0978637 0.2261562 0.1074822 0.0988965 0.1942165 0.1107347 0.0696031 0.2528295 0.0871051 0.1025600 0.1130032 0.0845410 0.1097713 0.2070499 0.1076180 0.1125187 0.1097594 0.0954218 0.1193766 0.1764062 
Cheracebus_torquatus        0.0495512 0.0515264 0.0453018 0.0413200 0.0416395 0.0452535 0.0334647 0.0354108 0.0335133 0.0336361 0.0374678 0.0427378 0.0316609 0.0361235 0.0183079 0.0163295 0.0219951 0.0521599 0.0451825 0.0461108 0.0453685 0.0554696 0.0499926 0.0474552 0.0035883 0.0000000 0.0332859 0.0369541 0.0395329 0.0431714 0.0467376 0.0489841 0.0488443 0.0473249 0.0570856 0.0392635 0.0411830 0.0275870 0.0313537 0.0294984 0.0275870 0.0294677 0.0257220 0.0239195 0.0257909 0.0356203 0.0396605 0.0394878 0.0364988 0.0335093 0.0455460 0.0355680 0.0336031 0.0354581 0.0387447 0.0376786 0.0388068 0.0637629 0.0655877 0.0614928 0.0451650 0.0470795 0.0474071 0.0492905 0.0971329 0.0954224 0.1057802 0.0950448 0.1021869 0.1190040 0.0971329 0.1877915 0.0860936 0.0804889 0.2037429 0.0973975 0.2250516 0.1069701 0.0984211 0.1932814 0.1102023 0.0718827 0.2515989 0.0866878 0.1020711 0.1124607 0.0841371 0.1092478 0.2060469 0.1071044 0.1119801 0.1092360 0.0949684 0.1188072 0.1755491 
Chiropotes_chiropotes       0.0411751 0.0431039 0.0332459 0.0294076 0.0296301 0.0332112 0.0255733 0.0274663 0.0256098 0.0257020 0.0314706 0.0364550 0.0071619 0.0109582 0.0332700 0.0311361 0.0370063 0.0429506 0.0408345 0.0416611 0.0410002 0.0509050 0.0429111 0.0407846 0.0334445 0.0332859 0.0000000 0.0000027 0.0000027 0.0350338 0.0382371 0.0375131 0.0374085 0.0410020 0.0525216 0.0312238 0.0331004 0.0427012 0.0465449 0.0446673 0.0427012 0.0446204 0.0408040 0.0390074 0.0409150 0.0276248 0.0333251 0.0314013 0.0258188 0.0256065 0.0364103 0.0275848 0.0256764 0.0275020 0.0279586 0.0313969 0.0280026 0.0550213 0.0568238 0.0528354 0.0386036 0.0404670 0.0404706 0.0889747 0.0873481 0.0856439 0.0955959 0.0896225 0.0922076 0.1084984 0.0873481 0.1801807 0.0724075 0.0710811 0.1957951 0.0875824 0.2244658 0.0968412 0.0928746 0.1855640 0.0999098 0.0627054 0.2424044 0.0728978 0.0899733 0.1021037 0.0704886 0.0990581 0.1926512 0.0947950 0.0994838 0.0990478 0.0852389 0.1083213 0.1681821 
Chiropotes_satanas          0.0427465 0.0455053 0.0396761 0.0369007 0.0371691 0.0424073 0.0233392 0.0260223 0.0233867 0.0234211 0.0316056 0.0370144 0.0102236 0.0101827 0.0396399 0.0365175 0.0447426 0.0478632 0.0507023 0.0507023 0.0509988 0.0625570 0.0480289 0.0478508 0.0372045 0.0369541 0.0000027 0.0000000 0.0000023 0.0395630 0.0443909 0.0435574 0.0433879 0.0453080 0.0677392 0.0312103 0.0338696 0.0505376 0.0533055 0.0505376 0.0505376 0.0533055 0.0422666 0.0451548 0.0479959 0.0315924 0.0315065 0.0370920 0.0299952 0.0287347 0.0417939 0.0315924 0.0288473 0.0314560 0.0329717 0.0315065 0.0330431 0.0686988 0.0712844 0.0654427 0.0446493 0.0443562 0.0416025 0.1343107 0.1101476 0.1046346 0.1198706 0.1104584 0.1144409 0.1352168 0.1039312 0.2380039 0.0916653 0.0891855 0.2586174 0.1074591 0.3169975 0.1214232 0.1156396 0.2297928 0.1224750 0.0768221 0.3471577 0.0862149 0.1110880 0.1257717 0.0888702 0.1209786 0.2525685 0.1143934 0.1214396 0.1209597 0.1039299 0.1314063 0.2105498 
Chiropotes_utahickae        0.0453474 0.0481066 0.0422562 0.0394762 0.0397635 0.0449883 0.0258930 0.0285807 0.0259460 0.0259841 0.0341854 0.0395952 0.0101741 0.0101330 0.0422181 0.0390664 0.0473014 0.0504448 0.0532885 0.0532885 0.0535998 0.0651736 0.0506171 0.0504293 0.0397993 0.0395329 0.0000027 0.0000023 0.0000000 0.0421350 0.0470871 0.0462758 0.0460966 0.0478996 0.0703360 0.0337603 0.0364201 0.0531145 0.0558829 0.0531145 0.0531145 0.0558829 0.0448397 0.0477369 0.0505834 0.0341728 0.0368983 0.0396794 0.0326008 0.0312990 0.0444092 0.0341728 0.0314217 0.0340249 0.0355861 0.0368983 0.0356628 0.0713261 0.0739028 0.0680573 0.0472019 0.0468935 0.0441354 0.1396040 0.1128413 0.1073444 0.1226325 0.1131600 0.1171605 0.1379534 0.1066263 0.2408411 0.0943613 0.0918980 0.2614273 0.1101629 0.3142000 0.1241509 0.1183836 0.2326201 0.1252210 0.0795282 0.3454415 0.0889289 0.1138030 0.1285201 0.0915734 0.1236960 0.2553986 0.1174125 0.1244958 0.1236766 0.1066250 0.1341349 0.2134068 
Lagothrix_lagotricha        0.0389166 0.0408241 0.0391083 0.0352109 0.0354795 0.0390672 0.0125197 0.0143434 0.0125379 0.0125821 0.0181250 0.0244732 0.0354281 0.0399736 0.0431503 0.0408937 0.0469514 0.0409357 0.0390052 0.0397951 0.0391635 0.0490509 0.0433700 0.0411994 0.0433769 0.0431714 0.0350338 0.0395630 0.0421350 0.0000000 0.0403334 0.0397958 0.0396842 0.0430584 0.0506781 0.0410117 0.0429268 0.0527645 0.0566930 0.0547844 0.0527645 0.0547260 0.0508295 0.0490219 0.0509703 0.0295998 0.0353348 0.0333981 0.0279409 0.0275591 0.0386203 0.0295568 0.0276348 0.0294674 0.0301025 0.0333936 0.0301501 0.0571706 0.0589778 0.0549651 0.0409033 0.0427896 0.0429055 0.1054648 0.0897205 0.0880165 0.0980568 0.0920117 0.0946223 0.1110237 0.0897205 0.1779967 0.0810211 0.0776491 0.1911106 0.0899621 0.2156159 0.0992876 0.0953084 0.1809252 0.0975928 0.0691590 0.2400568 0.0815734 0.0945186 0.1050540 0.0812685 0.1015172 0.1953280 0.0994093 0.1041556 0.1015066 0.0875999 0.1108420 0.1633775 
Leontocebus_fuscicollis     0.0468141 0.0488307 0.0344429 0.0304627 0.0307014 0.0344057 0.0304358 0.0305767 0.0304810 0.0285731 0.0366433 0.0420364 0.0386825 0.0434698 0.0467138 0.0443400 0.0506597 0.0446683 0.0423120 0.0431998 0.0424899 0.0486699 0.0406341 0.0385418 0.0469672 0.0467376 0.0382371 0.0443909 0.0470871 0.0403334 0.0000000 0.0019800 0.0019747 0.0424918 0.0544346 0.0444730 0.0464628 0.0484925 0.0525234 0.0505606 0.0484925 0.0505051 0.0505823 0.0487143 0.0507271 0.0167444 0.0186329 0.0205281 0.0160892 0.0147806 0.0224449 0.0167191 0.0148212 0.0166689 0.0182014 0.0205247 0.0182304 0.0529068 0.0589098 0.0547702 0.0362960 0.0382294 0.0381214 0.1286624 0.0884590 0.0910549 0.1016703 0.0953385 0.0942071 0.1151301 0.0955844 0.1799517 0.0836593 0.0782023 0.1961230 0.0932132 0.2317781 0.1005280 0.0987991 0.1801219 0.1061719 0.0716576 0.2439326 0.0842477 0.0979522 0.1084671 0.0820329 0.1052321 0.2013114 0.1030483 0.1055892 0.1052206 0.0907544 0.1149354 0.1675287 
Leontocebus_weddelli        0.0490714 0.0512805 0.0355176 0.0311680 0.0314349 0.0354757 0.0290172 0.0291643 0.0290644 0.0269856 0.0357682 0.0438975 0.0379894 0.0432082 0.0489568 0.0463397 0.0532745 0.0469306 0.0441198 0.0451333 0.0443222 0.0510973 0.0400412 0.0377947 0.0492466 0.0489841 0.0375131 0.0435574 0.0462758 0.0397958 0.0019800 0.0000000 0.0000026 0.0398072 0.0573958 0.0420186 0.0441769 0.0508929 0.0553080 0.0531608 0.0508929 0.0530970 0.0531857 0.0510625 0.0533524 0.0162099 0.0182672 0.0182706 0.0140787 0.0120489 0.0204059 0.0161839 0.0141193 0.0120489 0.0161794 0.0203265 0.0162053 0.0534556 0.0600082 0.0554876 0.0353567 0.0374608 0.0373016 0.1341955 0.0924091 0.0952760 0.1070426 0.0999817 0.0983349 0.1160318 0.1002594 0.1878551 0.0871209 0.0811727 0.2054590 0.0976490 0.2394957 0.1083622 0.1038503 0.1906890 0.1062782 0.0739916 0.2529371 0.0854134 0.1028757 0.1085872 0.0828752 0.1052648 0.2080818 0.1028838 0.1056532 0.1052523 0.0949348 0.1158186 0.1774221 
Leontocebus_fuscus          0.0489310 0.0511336 0.0354176 0.0310809 0.0313466 0.0353759 0.0289365 0.0290828 0.0289833 0.0269103 0.0356670 0.0437683 0.0378828 0.0430827 0.0488170 0.0462091 0.0531224 0.0467832 0.0439956 0.0450025 0.0441970 0.0509510 0.0399218 0.0376885 0.0491052 0.0488443 0.0374085 0.0433879 0.0460966 0.0396842 0.0019747 0.0000026 0.0000000 0.0396955 0.0572326 0.0419003 0.0440529 0.0507482 0.0551504 0.0530093 0.0507482 0.0529459 0.0530338 0.0509168 0.0531998 0.0161656 0.0182174 0.0182207 0.0140406 0.0120164 0.0203499 0.0161402 0.0140810 0.0120164 0.0161357 0.0202709 0.0161614 0.0533025 0.0598360 0.0553289 0.0352575 0.0373565 0.0371918 0.1334471 0.0921301 0.0949866 0.1067090 0.0996775 0.0980336 0.1185444 0.0999537 0.1872206 0.0868602 0.0809278 0.2047606 0.0973512 0.2386362 0.1080278 0.1035290 0.1900460 0.1087623 0.0737696 0.2520254 0.0851561 0.1025597 0.1110768 0.0826265 0.1077251 0.2110959 0.1053383 0.1081246 0.1077122 0.0946474 0.1183266 0.1768229 
Leontopithecus_chrysomelas  0.0494201 0.0513902 0.0373034 0.0372641 0.0375499 0.0411511 0.0333773 0.0353182 0.0334257 0.0335478 0.0355726 0.0407679 0.0414669 0.0461921 0.0453439 0.0430500 0.0491760 0.0431884 0.0449936 0.0459141 0.0451780 0.0552351 0.0476554 0.0452526 0.0475508 0.0473249 0.0410020 0.0453080 0.0478996 0.0430584 0.0424918 0.0398072 0.0396955 0.0000000 0.0568457 0.0510810 0.0530364 0.0510436 0.0549827 0.0490825 0.0510436 0.0530104 0.0491029 0.0512714 0.0532378 0.0316169 0.0373956 0.0354427 0.0279448 0.0295505 0.0363658 0.0315707 0.0296323 0.0296768 0.0301076 0.0354381 0.0301552 0.0594167 0.0612326 0.0571860 0.0429961 0.0448959 0.0451149 0.1302806 0.0968581 0.0996072 0.1100678 0.1036786 0.1018960 0.1233361 0.0994504 0.1766609 0.0902079 0.0846153 0.1951635 0.1015846 0.2268285 0.1112254 0.1071904 0.1848451 0.1145054 0.0759673 0.2449334 0.0882964 0.1062902 0.1191779 0.0882509 0.1135135 0.2028060 0.1113659 0.1138978 0.1135011 0.0991349 0.1184671 0.1646047 
Mico_humeralifer            0.0612215 0.0632194 0.0527698 0.0487574 0.0491341 0.0527136 0.0409000 0.0428642 0.0409595 0.0411095 0.0471071 0.0527643 0.0531162 0.0581192 0.0570572 0.0506761 0.0588740 0.0177121 0.0142862 0.0145634 0.0143419 0.0125099 0.0599729 0.0569294 0.0573558 0.0570856 0.0525216 0.0677392 0.0703360 0.0506781 0.0544346 0.0573958 0.0572326 0.0568457 0.0000000 0.0588053 0.0607738 0.0627999 0.0667970 0.0648657 0.0627999 0.0647957 0.0648934 0.0630824 0.0650763 0.0430523 0.0489276 0.0469343 0.0445333 0.0408916 0.0556751 0.0429892 0.0410065 0.0428553 0.0468214 0.0469294 0.0468963 0.0713676 0.0731811 0.0690639 0.0545587 0.0564830 0.0572716 0.1209432 0.1052064 0.1080184 0.1186831 0.1121054 0.1103417 0.1320371 0.1096998 0.1911523 0.0984779 0.0929101 0.2016541 0.1099998 0.2306851 0.1197756 0.1157407 0.1966078 0.1231514 0.0841783 0.2634808 0.0991578 0.1147689 0.1278751 0.0965201 0.1220838 0.2114437 0.1199288 0.1225051 0.1220704 0.1075091 0.1318197 0.1789813 
Pithecia_irrorata           0.0512964 0.0532677 0.0431150 0.0391709 0.0394717 0.0430693 0.0352159 0.0371602 0.0352669 0.0353957 0.0413291 0.0467550 0.0315750 0.0360238 0.0392444 0.0370318 0.0430284 0.0540620 0.0469206 0.0478817 0.0471132 0.0531831 0.0538902 0.0511597 0.0394509 0.0392635 0.0312238 0.0312103 0.0337603 0.0410117 0.0444730 0.0420186 0.0419003 0.0510810 0.0588053 0.0000000 0.0053630 0.0488080 0.0527122 0.0508113 0.0488080 0.0507574 0.0468834 0.0450760 0.0470127 0.0373798 0.0393089 0.0412404 0.0341635 0.0352627 0.0450356 0.0373251 0.0353612 0.0372099 0.0363760 0.0412355 0.0364329 0.0654857 0.0673026 0.0632143 0.0488419 0.0507569 0.0512638 0.1058523 0.0925452 0.0908334 0.0987055 0.0948672 0.0975208 0.1141345 0.0925452 0.1840753 0.0834874 0.0779101 0.1998755 0.0927962 0.2233347 0.1022463 0.0959350 0.1895180 0.1054104 0.0693838 0.2441004 0.0840598 0.0974121 0.1076439 0.0815434 0.1045008 0.2021531 0.1023731 0.1071843 0.1044897 0.0904011 0.1139464 0.1719423 
Pithecia_pithecia           0.0532595 0.0552355 0.0411329 0.0372089 0.0374940 0.0410895 0.0371136 0.0390647 0.0371674 0.0373033 0.0432586 0.0487616 0.0334726 0.0379659 0.0411629 0.0389302 0.0449529 0.0562153 0.0488562 0.0498580 0.0490566 0.0551487 0.0559550 0.0531169 0.0413791 0.0411830 0.0331004 0.0338696 0.0364201 0.0429268 0.0464628 0.0441769 0.0440529 0.0530364 0.0607738 0.0053630 0.0000000 0.0507453 0.0546590 0.0527556 0.0507453 0.0526994 0.0488168 0.0470096 0.0489517 0.0392962 0.0412302 0.0431663 0.0362196 0.0371632 0.0471422 0.0392386 0.0372672 0.0391171 0.0384466 0.0431614 0.0385078 0.0633903 0.0652049 0.0611354 0.0507799 0.0526991 0.0533015 0.1095726 0.0946625 0.0929549 0.1008738 0.0969939 0.0996637 0.1163335 0.0946625 0.1864960 0.0855713 0.0799985 0.2023247 0.0949191 0.2231876 0.1044056 0.0980854 0.1919458 0.1075941 0.0714483 0.2439288 0.0861581 0.0951115 0.1098336 0.0793346 0.1066660 0.2046282 0.1045355 0.1093648 0.1066546 0.0925133 0.1115507 0.1743450 
Plecturocebus_bernhardi     0.0552730 0.0572557 0.0470095 0.0430345 0.0413772 0.0450174 0.0429290 0.0449057 0.0429917 0.0431497 0.0430914 0.0465074 0.0411341 0.0437937 0.0200655 0.0180778 0.0237402 0.0561850 0.0508371 0.0498331 0.0510464 0.0612147 0.0517185 0.0511223 0.0277189 0.0275870 0.0427012 0.0505376 0.0531145 0.0527645 0.0484925 0.0508929 0.0507482 0.0510436 0.0627999 0.0488080 0.0507453 0.0000000 0.0035457 0.0017722 0.0000010 0.0017704 0.0071269 0.0035638 0.0053520 0.0412489 0.0471242 0.0431450 0.0425857 0.0390977 0.0493712 0.0411883 0.0392076 0.0410602 0.0448666 0.0451273 0.0449385 0.0695570 0.0713744 0.0672585 0.0488065 0.0507200 0.0491264 0.0780785 0.0965839 0.0993213 0.1097422 0.0989323 0.0971499 0.1229644 0.1010180 0.1972572 0.0834213 0.0909053 0.2107559 0.1012927 0.2317503 0.1082192 0.1023550 0.2027687 0.1141652 0.0821895 0.2617387 0.0883475 0.1059815 0.1164263 0.0923738 0.1131787 0.2136839 0.1110382 0.1135604 0.1131664 0.0988520 0.1181136 0.1796726 
Plecturocebus_brunneus      0.0592545 0.0612479 0.0509152 0.0469098 0.0452682 0.0489076 0.0467929 0.0487845 0.0468614 0.0470342 0.0469707 0.0505300 0.0449994 0.0477377 0.0237808 0.0217540 0.0274696 0.0605384 0.0547597 0.0538238 0.0549859 0.0652289 0.0558632 0.0550649 0.0315031 0.0313537 0.0465449 0.0533055 0.0558829 0.0566930 0.0525234 0.0553080 0.0551504 0.0549827 0.0667970 0.0527122 0.0546590 0.0035457 0.0000000 0.0053312 0.0035457 0.0053259 0.0107201 0.0071474 0.0089445 0.0451268 0.0510387 0.0470293 0.0467842 0.0429417 0.0536489 0.0450603 0.0430632 0.0449191 0.0490961 0.0490266 0.0491750 0.0736285 0.0754473 0.0713038 0.0527089 0.0546321 0.0532151 0.0852783 0.1009031 0.1036782 0.1142203 0.1032736 0.1014982 0.1275076 0.1053668 0.2023992 0.0876459 0.0952216 0.2159698 0.1056539 0.2344353 0.1126360 0.1067651 0.2079325 0.1186658 0.0864480 0.2674247 0.0926312 0.1103826 0.1209424 0.0966693 0.1176388 0.2189671 0.1154911 0.1180402 0.1176260 0.1031884 0.1226185 0.1847214 
Plecturocebus_caligatus     0.0573228 0.0593131 0.0450649 0.0450171 0.0433661 0.0470097 0.0449057 0.0468921 0.0449714 0.0451372 0.0411597 0.0445048 0.0431097 0.0458123 0.0219432 0.0199337 0.0256288 0.0561850 0.0528520 0.0518819 0.0530702 0.0632878 0.0538485 0.0531478 0.0296393 0.0294984 0.0446673 0.0505376 0.0531145 0.0547844 0.0505606 0.0531608 0.0530093 0.0490825 0.0648657 0.0508113 0.0527556 0.0017722 0.0053312 0.0000000 0.0017722 0.0035493 0.0053380 0.0053586 0.0071530 0.0432310 0.0491311 0.0451324 0.0447331 0.0410603 0.0515668 0.0431673 0.0411762 0.0430324 0.0470325 0.0471243 0.0471080 0.0716683 0.0734877 0.0693539 0.0508090 0.0527294 0.0512248 0.0818269 0.0988528 0.1016133 0.1121089 0.1012153 0.0994342 0.1253798 0.1033072 0.1946966 0.0856268 0.0931671 0.2081594 0.1035888 0.2290127 0.1105519 0.1046779 0.2001971 0.1165485 0.0844115 0.2589073 0.0905891 0.1083036 0.1188203 0.0946262 0.1155395 0.2110529 0.1133929 0.1159321 0.1155270 0.1011323 0.1205034 0.1771594 
