101
_Alouatta_belzebul_           0.0000000 0.0173816 0.0026580 0.0090577 0.0474294 0.0562202 0.0389839 0.0651423 0.0273423 0.0245412 0.0204353 0.0273423 0.0331777 0.0244745 0.0280321 0.0432325 0.0390587 0.0417799 0.0363193 0.0417799 0.0535526 0.0400083 0.0472841 0.0784937 0.0460660 0.0429399 0.0460660 0.0429399 0.0429399 0.0393231 0.0416524 0.0475894 0.0484164 0.0519434 0.0447671 0.0217016 0.0503599 0.0543866 0.0505011 0.0503599 0.0492285 0.0450413 0.0398032 0.0457379 0.0427564 0.0399165 0.0398032 0.0422625 0.0427564 0.0428909 0.0565893 0.0539116 0.0893987 0.0474430 0.0604457 0.0941393 0.0522707 0.0503599 0.0571015 0.0534569 0.0535886 0.0474430 0.0445276 0.0444045 0.0510892 0.0359189 0.0462922 0.0400563 0.0607511 0.1242847 0.1242847 0.2361698 0.2467407 0.1351230 0.1347005 0.1277385 0.1132395 0.1356723 0.2799659 0.0933641 0.0939654 0.1068705 0.3035703 0.1281371 0.3885305 0.1246715 0.1386434 0.4657430 0.1005289 0.1023631 0.1671166 0.1102649 0.1251707 0.1131926 0.3346354 0.1061800 0.1098838 0.1169710 0.1140310 0.1369514 0.1132395 
_Alouatta_caraya_             0.0173816 0.0000000 0.0144465 0.0216589 0.0639415 0.0736771 0.0546910 0.0835705 0.0417002 0.0386061 0.0328802 0.0417002 0.0463650 0.0384918 0.0428488 0.0500284 0.0523383 0.0545609 0.0486589 0.0545609 0.0652212 0.0521776 0.0637260 0.0940494 0.0630269 0.0594996 0.0630269 0.0594996 0.0594996 0.0543786 0.0575563 0.0609564 0.0643989 0.0666683 0.0554284 0.0354358 0.0671924 0.0730919 0.0673982 0.0671924 0.0665996 0.0584608 0.0550975 0.0617715 0.0583201 0.0552667 0.0550975 0.0584803 0.0583201 0.0585192 0.0742118 0.0708980 0.1048607 0.0639631 0.0750904 0.0934523 0.0662033 0.0671924 0.0716159 0.0706802 0.0679160 0.0639631 0.0607309 0.0605471 0.0674214 0.0512179 0.0601258 0.0579420 0.0789043 0.1469179 0.1469179 0.2943521 0.2965148 0.1591254 0.1585779 0.1507825 0.1419658 0.1598494 0.3428384 0.1195614 0.1204160 0.1348660 0.3704856 0.1513002 0.4769236 0.1474208 0.1630714 0.5631985 0.1277985 0.1231814 0.1820299 0.1387143 0.1559040 0.1418949 0.3780765 0.1338990 0.1381790 0.1424465 0.1430750 0.1513110 0.1419658 
_Alouatta_palliata_           0.0026580 0.0144465 0.0000000 0.0060221 0.0445280 0.0532755 0.0361087 0.0621536 0.0245473 0.0217607 0.0174697 0.0245473 0.0300791 0.0217016 0.0251650 0.0400327 0.0359565 0.0388968 0.0334419 0.0388968 0.0504423 0.0370549 0.0443921 0.0750048 0.0430755 0.0399745 0.0430755 0.0399745 0.0399745 0.0364220 0.0387785 0.0446774 0.0454517 0.0485549 0.0414494 0.0189423 0.0474430 0.0487110 0.0475757 0.0474430 0.0462125 0.0419251 0.0368651 0.0427686 0.0398032 0.0369698 0.0368651 0.0393448 0.0398032 0.0399279 0.0536237 0.0509444 0.0859632 0.0445405 0.0571015 0.0907475 0.0490604 0.0474430 0.0537759 0.0505159 0.0502939 0.0445405 0.0416404 0.0415257 0.0481282 0.0330733 0.0430862 0.0359206 0.0575563 0.1242847 0.1242847 0.2407405 0.2511904 0.1351230 0.1347005 0.1277385 0.1132395 0.1356723 0.2799659 0.0933641 0.0939654 0.1068705 0.3035703 0.1281371 0.3885305 0.1246715 0.1386434 0.4657430 0.1005289 0.1023631 0.1671166 0.1102649 0.1251707 0.1131926 0.3346354 0.1061800 0.1098838 0.1169710 0.1140310 0.1369514 0.1132395 
_Alouatta_sara_               0.0090577 0.0216589 0.0060221 0.0000000 0.0539104 0.0605963 0.0474476 0.0707668 0.0278163 0.0278085 0.0245737 0.0278163 0.0214421 0.0277227 0.0313829 0.0485711 0.0443276 0.0474792 0.0412916 0.0474792 0.0582498 0.0441877 0.0537220 0.0853953 0.0558581 0.0522291 0.0558581 0.0522291 0.0522291 0.0473141 0.0506120 0.0541182 0.0543094 0.0557337 0.0505524 0.0245737 0.0539284 0.0550165 0.0574462 0.0572636 0.0595356 0.0507894 0.0479658 0.0548725 0.0513120 0.0481193 0.0479658 0.0511309 0.0513120 0.0514944 0.0644482 0.0610278 0.0926877 0.0539284 0.0652896 0.0650772 0.0574660 0.0572636 0.0618441 0.0608327 0.0582091 0.0506120 0.0472981 0.0471502 0.0541182 0.0440347 0.0507894 0.0447800 0.0650675 0.1434901 0.1434901 0.2879032 0.2905051 0.1562661 0.1557017 0.1475364 0.1304362 0.1516069 0.3388070 0.1110924 0.1080892 0.1226300 0.3680782 0.1480682 0.4587473 0.1440057 0.1604019 0.5741648 0.1157205 0.1087463 0.1807831 0.1270304 0.1487665 0.1303705 0.3615489 0.1221431 0.1265215 0.1308969 0.1314946 0.1445251 0.1343740 
_Aotus_azarae_                0.0474294 0.0639415 0.0445280 0.0539104 0.0000000 0.0134610 0.0026803 0.0216964 0.0445280 0.0416288 0.0448658 0.0445280 0.0555168 0.0415143 0.0516447 0.0730719 0.0582044 0.0536077 0.0481142 0.0536077 0.0663592 0.0521246 0.0474159 0.0822722 0.0522440 0.0490571 0.0522440 0.0490571 0.0490571 0.0512194 0.0534411 0.0595515 0.0545472 0.0555322 0.0652896 0.0386506 0.0563956 0.0601168 0.0565550 0.0563956 0.0524121 0.0578501 0.0518558 0.0579357 0.0548789 0.0520054 0.0518558 0.0542358 0.0548789 0.0550548 0.0567498 0.0540649 0.1001412 0.0593649 0.0640129 0.0978575 0.0622000 0.0563956 0.0674063 0.0536077 0.0637862 0.0534411 0.0504859 0.0503452 0.0632648 0.0475757 0.0561914 0.0483962 0.0639415 0.1411607 0.1411607 0.2451614 0.2656724 0.1487022 0.1517991 0.1446885 0.1272307 0.1529107 0.2810980 0.1237930 0.1177446 0.1207453 0.3203501 0.1345785 0.3686751 0.1416037 0.1522791 0.4809646 0.1075265 0.1332971 0.1775919 0.1311518 0.1468073 0.1345782 0.3497929 0.1267824 0.1306861 0.1310929 0.1281371 0.1521521 0.1341596 
_Aotus_griseimembra_          0.0562202 0.0736771 0.0532755 0.0605963 0.0134610 0.0000000 0.0108005 0.0134610 0.0532755 0.0445150 0.0542744 0.0532755 0.0620283 0.0443921 0.0576787 0.0798767 0.0582044 0.0625457 0.0570387 0.0625457 0.0760217 0.0582183 0.0621343 0.0929566 0.0676305 0.0643121 0.0676305 0.0643121 0.0643121 0.0542031 0.0563956 0.0625457 0.0515433 0.0555322 0.0652896 0.0472841 0.0653479 0.0659022 0.0655340 0.0653479 0.0678523 0.0675350 0.0609719 0.0671497 0.0640419 0.0611493 0.0609719 0.0602533 0.0640419 0.0642496 0.0657631 0.0600620 0.1107718 0.0683618 0.0742507 0.1082359 0.0721295 0.0653479 0.0777018 0.0625457 0.0739843 0.0623490 0.0593462 0.0591796 0.0724480 0.0505011 0.0594793 0.0483962 0.0607309 0.1446885 0.1446885 0.2497803 0.2794570 0.1522791 0.1553820 0.1482346 0.1306861 0.1565242 0.2810980 0.1272307 0.1211719 0.1173318 0.3308643 0.1380820 0.3815774 0.1451438 0.1558745 0.4941574 0.1108982 0.1372216 0.1834524 0.1346395 0.1576843 0.1380817 0.3565763 0.1302240 0.1341596 0.1345782 0.1316209 0.1561641 0.1376511 
_Aotus_nancymaae_             0.0389839 0.0546910 0.0361087 0.0474476 0.0026803 0.0108005 0.0000000 0.0190409 0.0418734 0.0389733 0.0389074 0.0418734 0.0492105 0.0388651 0.0489306 0.0699190 0.0521099 0.0479924 0.0424777 0.0479924 0.0603641 0.0463601 0.0506135 0.0757452 0.0525490 0.0493418 0.0525490 0.0493418 0.0493418 0.0455548 0.0478435 0.0539118 0.0488336 0.0522828 0.0587999 0.0359991 0.0597023 0.0662658 0.0538957 0.0537433 0.0527190 0.0517925 0.0461200 0.0521721 0.0491304 0.0462533 0.0461200 0.0485547 0.0491304 0.0492875 0.0600809 0.0573835 0.1040016 0.0627042 0.0676233 0.0981275 0.0656965 0.0597023 0.0710474 0.0568939 0.0673820 0.0537433 0.0507710 0.0506284 0.0636305 0.0420023 0.0530866 0.0442039 0.0578880 0.1456020 0.1456020 0.2470412 0.2676600 0.1532485 0.1563704 0.1491729 0.1315029 0.1575276 0.2783466 0.1176947 0.1150456 0.1180599 0.3177470 0.1389521 0.3700841 0.1460630 0.1568693 0.4789321 0.1048140 0.1298486 0.1843874 0.1354862 0.1441346 0.1389521 0.3448561 0.1310348 0.1350002 0.1354244 0.1254515 0.1567185 0.1350002 
_Aotus_trivirgatus_           0.0651423 0.0835705 0.0621536 0.0707668 0.0216964 0.0134610 0.0190409 0.0000000 0.0591796 0.0532592 0.0638338 0.0591796 0.0719299 0.0531109 0.0668449 0.0902264 0.0646852 0.0716184 0.0660982 0.0716184 0.0858390 0.0674770 0.0711411 0.1038254 0.0707553 0.0674101 0.0707553 0.0674101 0.0736535 0.0632447 0.0653479 0.0716184 0.0606009 0.0659108 0.0757455 0.0560459 0.0683618 0.0776405 0.0685569 0.0683618 0.0773090 0.0707982 0.0671276 0.0733716 0.0702292 0.0673239 0.0671276 0.0663318 0.0702292 0.0704588 0.0687978 0.0630832 0.1143545 0.0713906 0.0777018 0.1117332 0.0754756 0.0683618 0.0811725 0.0655548 0.0774219 0.0713906 0.0683392 0.0681458 0.0817713 0.0593649 0.0694527 0.0526201 0.0704144 0.1482346 0.1482346 0.2497803 0.2887748 0.1522791 0.1589834 0.1517991 0.1272307 0.1601566 0.2911802 0.1306861 0.1211719 0.1207453 0.3361678 0.1380820 0.3751046 0.1451438 0.1558745 0.5075092 0.1142876 0.1411690 0.1775919 0.1381454 0.1613483 0.1416033 0.3634092 0.1336833 0.1376511 0.1380817 0.1351230 0.1561641 0.1411607 
_Ateles_belzebuth_            0.0273423 0.0417002 0.0245473 0.0278163 0.0445280 0.0532755 0.0418734 0.0591796 0.0000000 0.0080605 0.0086653 0.0000010 0.0239322 0.0080390 0.0280321 0.0464501 0.0357218 0.0417799 0.0363193 0.0417799 0.0535526 0.0400083 0.0358009 0.0750048 0.0430755 0.0399745 0.0430755 0.0399745 0.0399745 0.0451691 0.0416524 0.0475894 0.0484164 0.0485549 0.0447671 0.0161965 0.0532912 0.0601168 0.0388862 0.0387785 0.0343022 0.0419251 0.0367508 0.0426348 0.0396793 0.0368548 0.0367508 0.0392237 0.0396793 0.0398032 0.0595698 0.0568937 0.0963265 0.0503599 0.0671908 0.1009786 0.0587440 0.0532912 0.0638088 0.0564127 0.0602333 0.0416524 0.0387675 0.0386610 0.0451820 0.0416524 0.0495158 0.0400563 0.0607511 0.1312104 0.1312104 0.2442323 0.2545479 0.1381454 0.1417355 0.1347005 0.1166127 0.1427662 0.2736759 0.1065455 0.0969263 0.1068705 0.2970235 0.1311518 0.3542188 0.1276822 0.1416696 0.4566849 0.1005289 0.1136227 0.1777387 0.1170204 0.1182615 0.1237928 0.3391402 0.1128481 0.1166127 0.1237928 0.1140310 0.1442728 0.1268378 
_Ateles_chamek_               0.0245412 0.0386061 0.0217607 0.0278085 0.0416288 0.0445150 0.0389733 0.0532592 0.0080605 0.0000000 0.0057608 0.0080605 0.0208778 0.0000028 0.0251576 0.0432191 0.0359460 0.0388858 0.0334330 0.0388858 0.0504267 0.0370444 0.0329557 0.0749763 0.0430631 0.0399633 0.0430631 0.0399633 0.0399633 0.0422267 0.0387675 0.0446645 0.0454384 0.0451712 0.0414363 0.0134609 0.0532750 0.0600811 0.0360082 0.0359087 0.0342928 0.0419125 0.0368548 0.0427562 0.0397919 0.0369597 0.0368548 0.0393335 0.0397919 0.0399165 0.0595512 0.0538957 0.0962873 0.0503448 0.0671666 0.1009374 0.0587244 0.0532750 0.0637862 0.0563953 0.0602124 0.0445276 0.0416294 0.0415137 0.0481140 0.0387675 0.0462776 0.0398809 0.0575373 0.1276820 0.1276820 0.2360033 0.2554839 0.1385792 0.1381451 0.1311515 0.1165637 0.1391451 0.2747739 0.1031834 0.0972204 0.1034972 0.2982264 0.1315616 0.3622886 0.1280801 0.1421156 0.4588106 0.0971830 0.1097973 0.1786422 0.1135865 0.1147858 0.1203220 0.3342634 0.1094608 0.1131926 0.1203220 0.1106032 0.1447811 0.1233583 
_Ateles_fusciceps_            0.0204353 0.0328802 0.0174697 0.0245737 0.0448658 0.0542744 0.0389074 0.0638338 0.0086653 0.0057608 0.0000000 0.0086653 0.0180068 0.0057438 0.0271302 0.0403936 0.0300622 0.0326664 0.0268143 0.0326664 0.0424461 0.0300622 0.0354902 0.0678417 0.0401075 0.0367957 0.0401075 0.0367957 0.0367957 0.0386873 0.0356158 0.0388141 0.0420510 0.0416888 0.0351940 0.0144741 0.0574626 0.0540616 0.0388027 0.0386873 0.0306996 0.0357320 0.0329788 0.0393181 0.0360750 0.0330779 0.0329788 0.0361732 0.0360750 0.0361943 0.0642894 0.0610407 0.0925201 0.0542917 0.0635835 0.0792081 0.0553099 0.0574626 0.0602333 0.0608551 0.0567032 0.0480001 0.0448657 0.0447320 0.0513079 0.0356158 0.0429408 0.0357640 0.0546586 0.1389080 0.1389080 0.2720448 0.2752194 0.1509061 0.1503917 0.1427144 0.1266469 0.1515826 0.3067309 0.1048157 0.1055519 0.1123814 0.3332690 0.1431999 0.4051880 0.1393792 0.1547918 0.5142539 0.1055061 0.1056856 0.1719180 0.1234241 0.1248467 0.1307933 0.3325470 0.1188412 0.1229574 0.1270696 0.1201937 0.1403267 0.1266469 
_Ateles_geoffroyi_            0.0273423 0.0417002 0.0245473 0.0278163 0.0445280 0.0532755 0.0418734 0.0591796 0.0000010 0.0080605 0.0086653 0.0000000 0.0239322 0.0080390 0.0280321 0.0464501 0.0357218 0.0417799 0.0363193 0.0417799 0.0535526 0.0400083 0.0358009 0.0750048 0.0430755 0.0399745 0.0430755 0.0399745 0.0399745 0.0451691 0.0416524 0.0475894 0.0484164 0.0485549 0.0447671 0.0161965 0.0532912 0.0601168 0.0388862 0.0387785 0.0343022 0.0419251 0.0367508 0.0426348 0.0396793 0.0368548 0.0367508 0.0392237 0.0396793 0.0398032 0.0595698 0.0568937 0.0963265 0.0503599 0.0671908 0.1009786 0.0587440 0.0532912 0.0638088 0.0564127 0.0602333 0.0416524 0.0387675 0.0386610 0.0451820 0.0416524 0.0495158 0.0400563 0.0607511 0.1312104 0.1312104 0.2442323 0.2545479 0.1381454 0.1417355 0.1347005 0.1166127 0.1427662 0.2736759 0.1065455 0.0969263 0.1068705 0.2970235 0.1311518 0.3542188 0.1276822 0.1416696 0.4566849 0.1005289 0.1136227 0.1777387 0.1170204 0.1182615 0.1237928 0.3391402 0.1128481 0.1166127 0.1237928 0.1140310 0.1442728 0.1268378 
_Ateles_hybridus_             0.0331777 0.0463650 0.0300791 0.0214421 0.0555168 0.0620283 0.0492105 0.0719299 0.0239322 0.0208778 0.0180068 0.0239322 0.0000000 0.0208160 0.0335731 0.0470477 0.0429936 0.0460513 0.0400449 0.0460513 0.0564619 0.0396782 0.0457278 0.0809378 0.0542911 0.0507726 0.0542911 0.0507726 0.0507726 0.0523045 0.0555351 0.0589856 0.0526626 0.0383708 0.0455245 0.0238544 0.0686356 0.0484220 0.0492426 0.0490915 0.0511309 0.0497175 0.0465088 0.0531917 0.0497495 0.0466535 0.0465088 0.0495794 0.0497495 0.0499209 0.0758253 0.0724349 0.0953308 0.0653335 0.0646333 0.0728939 0.0602541 0.0686356 0.0612246 0.0722076 0.0576301 0.0587834 0.0555168 0.0553461 0.0622639 0.0490915 0.0437595 0.0402174 0.0664716 0.1504324 0.1504324 0.2921639 0.2944803 0.1629748 0.1624008 0.1543989 0.1375777 0.1637360 0.3356602 0.1185939 0.1156967 0.1223472 0.3638121 0.1549415 0.4384308 0.1509596 0.1670265 0.5602096 0.1156431 0.1037783 0.1661445 0.1342635 0.1476723 0.1419291 0.3416975 0.1294138 0.1337372 0.1380518 0.1309410 0.1388990 0.1414403 
_Ateles_paniscus_             0.0244745 0.0384918 0.0217016 0.0277227 0.0415143 0.0443921 0.0388651 0.0531109 0.0080390 0.0000028 0.0057438 0.0080390 0.0208160 0.0000000 0.0250884 0.0430862 0.0358387 0.0387785 0.0333402 0.0387785 0.0502776 0.0369394 0.0328664 0.0747329 0.0429399 0.0398495 0.0429399 0.0398495 0.0398495 0.0421084 0.0386610 0.0445405 0.0453100 0.0450259 0.0413046 0.0134248 0.0531266 0.0597549 0.0359093 0.0358104 0.0341951 0.0417875 0.0367508 0.0426348 0.0396793 0.0368548 0.0367508 0.0392237 0.0396793 0.0398032 0.0593831 0.0537430 0.0959797 0.0502049 0.0669526 0.1006203 0.0585435 0.0531266 0.0635835 0.0562371 0.0600224 0.0444045 0.0415137 0.0413997 0.0479785 0.0386610 0.0461353 0.0398809 0.0573638 0.1272865 0.1272865 0.2351140 0.2545479 0.1381454 0.1377140 0.1307443 0.1162080 0.1387075 0.2736759 0.1028717 0.0969263 0.1031836 0.2970235 0.1311518 0.3668760 0.1276822 0.1416696 0.4566849 0.0968890 0.1094224 0.1777387 0.1132395 0.1144312 0.1199522 0.3325470 0.1091298 0.1128481 0.1199522 0.1102649 0.1442728 0.1229801 
_Brachyteles_arachnoides_     0.0280321 0.0428488 0.0251650 0.0313829 0.0516447 0.0576787 0.0489306 0.0668449 0.0280321 0.0251576 0.0271302 0.0280321 0.0335731 0.0250884 0.0000000 0.0149606 0.0460082 0.0488191 0.0432120 0.0488191 0.0550258 0.0464947 0.0484976 0.0844951 0.0534854 0.0502159 0.0534854 0.0502159 0.0502159 0.0463464 0.0486650 0.0548453 0.0527515 0.0558974 0.0519611 0.0165998 0.0576966 0.0549523 0.0518089 0.0516602 0.0567943 0.0462922 0.0469317 0.0530954 0.0499973 0.0470697 0.0469317 0.0491157 0.0499973 0.0501601 0.0642080 0.0614679 0.1027940 0.0546708 0.0726898 0.1074856 0.0637862 0.0576966 0.0691820 0.0609332 0.0654555 0.0546708 0.0516445 0.0514971 0.0585591 0.0427198 0.0509342 0.0451101 0.0624583 0.1243113 0.1243113 0.2480975 0.2585999 0.1354340 0.1349994 0.1278549 0.1199199 0.1319003 0.2688148 0.1061214 0.0999918 0.1129839 0.2940063 0.1282643 0.3860599 0.1247082 0.1390478 0.4496838 0.1067867 0.1133452 0.1756006 0.1168602 0.1359991 0.1238067 0.3317045 0.1125835 0.1164427 0.1238067 0.1137938 0.1414126 0.1269301 
_Brachyteles_hypoxanthus_     0.0432325 0.0500284 0.0400327 0.0485711 0.0730719 0.0798767 0.0699190 0.0902264 0.0464501 0.0432191 0.0403936 0.0464501 0.0470477 0.0430862 0.0149606 0.0000000 0.0599155 0.0632482 0.0569403 0.0632482 0.0529388 0.0599155 0.0694527 0.1014113 0.0724505 0.0687039 0.0724505 0.0687039 0.0687039 0.0592938 0.0625891 0.0661332 0.0702184 0.0665936 0.0483822 0.0335731 0.0799071 0.0549523 0.0733317 0.0730987 0.0762474 0.0604877 0.0638992 0.0709495 0.0672877 0.0641040 0.0638992 0.0670487 0.0672877 0.0675285 0.0874219 0.0839097 0.1233696 0.0764934 0.0836475 0.0990302 0.0823047 0.0799071 0.0800639 0.0836400 0.0762179 0.0764934 0.0730719 0.0728406 0.0801937 0.0560165 0.0650536 0.0632486 0.0821115 0.1485581 0.1485581 0.3013567 0.3032503 0.1612192 0.1606449 0.1525635 0.1434157 0.1572373 0.3283321 0.1317177 0.1288161 0.1394937 0.3583113 0.1531057 0.4613823 0.1490845 0.1653117 0.5204420 0.1365425 0.1297079 0.1918953 0.1400532 0.1702366 0.1478783 0.3684030 0.1350575 0.1394937 0.1439182 0.1445761 0.1562836 0.1473606 
_Cacajao_melanocephalus_      0.0390587 0.0523383 0.0359565 0.0443276 0.0582044 0.0582044 0.0521099 0.0646852 0.0357218 0.0359460 0.0300622 0.0357218 0.0429936 0.0358387 0.0460082 0.0599155 0.0000000 0.0328709 0.0269825 0.0328709 0.0394257 0.0298909 0.0484510 0.0839963 0.0604248 0.0568824 0.0604248 0.0568824 0.0568824 0.0421776 0.0453134 0.0486286 0.0329788 0.0351947 0.0123413 0.0327637 0.0614567 0.0550487 0.0519680 0.0518096 0.0572832 0.0269899 0.0237066 0.0298909 0.0267419 0.0237769 0.0237066 0.0266555 0.0267419 0.0268290 0.0684463 0.0651310 0.0986215 0.0582236 0.0685559 0.0835011 0.0600844 0.0614567 0.0651008 0.0649297 0.0614442 0.0550079 0.0517931 0.0516358 0.0649297 0.0390587 0.0471806 0.0362096 0.0449253 0.1248467 0.1248467 0.2566185 0.2617293 0.1323127 0.1361748 0.1286012 0.1128544 0.1372441 0.3027511 0.1019998 0.0987462 0.1019998 0.3065012 0.1247876 0.4029643 0.1210570 0.1361075 0.4995507 0.1062986 0.1041854 0.1555120 0.1132808 0.1334122 0.1205958 0.3149617 0.1169558 0.1128544 0.1169024 0.1248467 0.1231210 0.1165137 
_Callicebus_barbarabrownae_   0.0417799 0.0545609 0.0388968 0.0474792 0.0536077 0.0625457 0.0479924 0.0716184 0.0417799 0.0388858 0.0326664 0.0417799 0.0460513 0.0387785 0.0488191 0.0632482 0.0328709 0.0000000 0.0000028 0.0000010 0.0141934 0.0027310 0.0563956 0.0820025 0.0585591 0.0553070 0.0585591 0.0553070 0.0553070 0.0484164 0.0506728 0.0508308 0.0248118 0.0218378 0.0381506 0.0359189 0.0716420 0.0907466 0.0597392 0.0595698 0.0556655 0.0388254 0.0193127 0.0249619 0.0221271 0.0193661 0.0193127 0.0163287 0.0221271 0.0221940 0.0782730 0.0755912 0.1112306 0.0686013 0.0815002 0.1192733 0.0724087 0.0716420 0.0780138 0.0749381 0.0742785 0.0565893 0.0536074 0.0534569 0.0665452 0.0448152 0.0531216 0.0404120 0.0353215 0.1277385 0.1277385 0.2592912 0.2467407 0.1386434 0.1382089 0.1312104 0.1166127 0.1392099 0.2749932 0.0966338 0.0972582 0.1035385 0.2883756 0.1246715 0.3690792 0.1281371 0.1351230 0.4593192 0.0939296 0.1023631 0.1671166 0.1136339 0.1217070 0.1135865 0.3085394 0.1170204 0.1132395 0.1135865 0.1140310 0.1369514 0.1098838 
_Callicebus_melanochir_       0.0363193 0.0486589 0.0334419 0.0412916 0.0481142 0.0570387 0.0424777 0.0660982 0.0363193 0.0334330 0.0268143 0.0363193 0.0400449 0.0333402 0.0432120 0.0569403 0.0269825 0.0000028 0.0000000 0.0000028 0.0114225 0.0000028 0.0509147 0.0789794 0.0557940 0.0525488 0.0557940 0.0525488 0.0525488 0.0428541 0.0451820 0.0453230 0.0194149 0.0156562 0.0318008 0.0304853 0.0661196 0.0794531 0.0542194 0.0540652 0.0528900 0.0297853 0.0138782 0.0195328 0.0166961 0.0139169 0.0138782 0.0137226 0.0166961 0.0167467 0.0727071 0.0700011 0.1050693 0.0630831 0.0750048 0.1128616 0.0663421 0.0661196 0.0715357 0.0693941 0.0678417 0.0510892 0.0481142 0.0479785 0.0609524 0.0393338 0.0470322 0.0365177 0.0325788 0.1219285 0.1219285 0.2479917 0.2359518 0.1328075 0.1323897 0.1253972 0.1108525 0.1333498 0.2657819 0.0908962 0.0914847 0.0944657 0.2790667 0.1188480 0.3530752 0.1223103 0.1292900 0.4476800 0.0881632 0.0955725 0.1578819 0.1078575 0.1124215 0.1078134 0.2966630 0.1112404 0.1074828 0.1078134 0.1078575 0.1304362 0.1041307 
_Callicebus_coimbrai_         0.0417799 0.0545609 0.0388968 0.0474792 0.0536077 0.0625457 0.0479924 0.0716184 0.0417799 0.0388858 0.0326664 0.0417799 0.0460513 0.0387785 0.0488191 0.0632482 0.0328709 0.0000010 0.0000028 0.0000000 0.0141934 0.0027310 0.0563956 0.0820025 0.0585591 0.0553070 0.0585591 0.0553070 0.0553070 0.0484164 0.0506728 0.0508308 0.0248118 0.0218378 0.0381506 0.0359189 0.0716420 0.0907466 0.0597392 0.0595698 0.0556655 0.0388254 0.0193127 0.0249619 0.0221271 0.0193661 0.0193127 0.0163287 0.0221271 0.0221940 0.0782730 0.0755912 0.1112306 0.0686013 0.0815002 0.1192733 0.0724087 0.0716420 0.0780138 0.0749381 0.0742785 0.0565893 0.0536074 0.0534569 0.0665452 0.0448152 0.0531216 0.0404120 0.0353215 0.1277385 0.1277385 0.2592912 0.2467407 0.1386434 0.1382089 0.1312104 0.1166127 0.1392099 0.2749932 0.0966338 0.0972582 0.1035385 0.2883756 0.1246715 0.3690792 0.1281371 0.1351230 0.4593192 0.0939296 0.1023631 0.1671166 0.1136339 0.1217070 0.1135865 0.3085394 0.1170204 0.1132395 0.1135865 0.1140310 0.1369514 0.1098838 
_Callicebus_nigrifrons_       0.0535526 0.0652212 0.0504423 0.0582498 0.0663592 0.0760217 0.0603641 0.0858390 0.0535526 0.0504267 0.0424461 0.0535526 0.0564619 0.0502776 0.0550258 0.0529388 0.0394257 0.0141934 0.0114225 0.0141934 0.0000000 0.0114872 0.0693295 0.0976157 0.0755310 0.0719299 0.0755310 0.0719299 0.0719299 0.0564929 0.0596252 0.0598228 0.0347995 0.0250282 0.0346301 0.0410763 0.0858711 0.0907466 0.0730307 0.0728092 0.0724349 0.0487921 0.0290234 0.0351246 0.0320100 0.0291078 0.0290234 0.0261210 0.0320100 0.0321123 0.0931526 0.0897658 0.1238365 0.0825796 0.0850064 0.1232435 0.0836725 0.0858711 0.0815002 0.0894890 0.0777315 0.0695869 0.0663591 0.0661597 0.0795769 0.0533771 0.0600844 0.0535558 0.0433799 0.1476003 0.1476003 0.2813085 0.2645445 0.1595844 0.1590458 0.1513944 0.1353144 0.1602968 0.3050235 0.1135441 0.1143355 0.1175045 0.3197919 0.1443090 0.4225439 0.1480961 0.1557337 0.5012474 0.1107009 0.1102762 0.1828212 0.1321324 0.1411540 0.1320698 0.3222853 0.1358270 0.1316358 0.1320698 0.1363436 0.1511454 0.1279775 
_Callicebus_personatus_       0.0400083 0.0521776 0.0370549 0.0441877 0.0521246 0.0582183 0.0463601 0.0674770 0.0400083 0.0370444 0.0300622 0.0400083 0.0396782 0.0369394 0.0464947 0.0599155 0.0298909 0.0027310 0.0000028 0.0027310 0.0114872 0.0000000 0.0549871 0.0833688 0.0603247 0.0569645 0.0603247 0.0569645 0.0569645 0.0461065 0.0491157 0.0492728 0.0194692 0.0186653 0.0348697 0.0340106 0.0706187 0.0846510 0.0584067 0.0582366 0.0573452 0.0362826 0.0167427 0.0225062 0.0195829 0.0167896 0.0167427 0.0138750 0.0195829 0.0196426 0.0774174 0.0742172 0.1094330 0.0674993 0.0793021 0.1176097 0.0701674 0.0706187 0.0757746 0.0739977 0.0720038 0.0551807 0.0521245 0.0519741 0.0646059 0.0431127 0.0506454 0.0407413 0.0297133 0.1247082 0.1247082 0.2598829 0.2450541 0.1358713 0.1354340 0.1282643 0.1133392 0.1364403 0.2864953 0.0929005 0.0935157 0.0996406 0.3004865 0.1215584 0.3641833 0.1251077 0.1322641 0.4817350 0.0901134 0.0966028 0.1613507 0.1102791 0.1220570 0.1102327 0.3166087 0.1137452 0.1098871 0.1102327 0.1141543 0.1314277 0.1064533 
_Callimico_goeldii_           0.0472841 0.0637260 0.0443921 0.0537220 0.0474159 0.0621343 0.0506135 0.0711411 0.0358009 0.0329557 0.0354902 0.0358009 0.0457278 0.0328664 0.0484976 0.0694527 0.0484510 0.0563956 0.0509147 0.0563956 0.0693295 0.0549871 0.0000000 0.0680614 0.0312567 0.0282550 0.0312567 0.0282550 0.0282550 0.0540327 0.0562202 0.0623490 0.0573835 0.0587585 0.0514425 0.0356932 0.0474294 0.0484220 0.0246819 0.0246144 0.0284305 0.0544733 0.0547042 0.0607954 0.0577325 0.0548620 0.0547042 0.0570562 0.0577325 0.0579176 0.0536077 0.0509294 0.0893634 0.0503452 0.0604248 0.0941021 0.0522539 0.0474294 0.0570820 0.0505011 0.0535707 0.0562202 0.0532592 0.0531109 0.0660986 0.0503452 0.0592737 0.0611582 0.0704144 0.1311518 0.1311518 0.2451614 0.2599785 0.1421159 0.1416696 0.1346395 0.1199525 0.1426991 0.2847364 0.1131928 0.1139360 0.1203219 0.3084332 0.1350615 0.3496447 0.1315618 0.1456708 0.4625513 0.1071541 0.1288816 0.1836069 0.1169712 0.1320936 0.1237392 0.3543080 0.1128017 0.1165639 0.1237392 0.1207971 0.1487657 0.1267824 
_Callithrix_aurita_           0.0784937 0.0940494 0.0750048 0.0853953 0.0822722 0.0929566 0.0757452 0.1038254 0.0750048 0.0749763 0.0678417 0.0750048 0.0809378 0.0747329 0.0844951 0.1014113 0.0839963 0.0820025 0.0789794 0.0820025 0.0976157 0.0833688 0.0680614 0.0000000 0.0511309 0.0476300 0.0511309 0.0476300 0.0476300 0.0858479 0.0894114 0.0933439 0.0894114 0.0912683 0.0976089 0.0712775 0.0929953 0.0647113 0.0715091 0.0712775 0.0614660 0.0933439 0.0864532 0.0940097 0.0900442 0.0867415 0.0864532 0.0903078 0.0900442 0.0903828 0.0936953 0.0900442 0.1247094 0.0965998 0.0931889 0.1111959 0.0903453 0.0929953 0.0969370 0.0897451 0.0928286 0.1002249 0.0965589 0.0962389 0.1116514 0.0823047 0.0912608 0.0892312 0.0993429 0.2058483 0.2058483 0.3297995 0.3473461 0.2202242 0.2193817 0.2103326 0.1952356 0.2213812 0.3551827 0.1652603 0.1665773 0.1743399 0.3870479 0.2111358 0.4629324 0.2066321 0.2248091 0.5695101 0.1664796 0.1670830 0.2578782 0.1917119 0.1987162 0.2048006 0.3925985 0.1900493 0.1952356 0.2003712 0.1744445 0.2068669 0.1996204 
_Callithrix_geoffroyi_        0.0460660 0.0630269 0.0430755 0.0558581 0.0522440 0.0676305 0.0525490 0.0707553 0.0430755 0.0430631 0.0401075 0.0430755 0.0542911 0.0429399 0.0534854 0.0724505 0.0604248 0.0585591 0.0557940 0.0585591 0.0755310 0.0603247 0.0312567 0.0511309 0.0000000 0.0027624 0.0055553 0.0027624 0.0139524 0.0530295 0.0553070 0.0616484 0.0627739 0.0683889 0.0643573 0.0459204 0.0522600 0.0647113 0.0403427 0.0402268 0.0255283 0.0667399 0.0600023 0.0663816 0.0631723 0.0601826 0.0600023 0.0624010 0.0631723 0.0633840 0.0587497 0.0559755 0.0932659 0.0553070 0.0630526 0.0981417 0.0544465 0.0522600 0.0595570 0.0554857 0.0558777 0.0645426 0.0614278 0.0612495 0.0750561 0.0492285 0.0618000 0.0440270 0.0663656 0.1404070 0.1404070 0.2508522 0.2815583 0.1519834 0.1514843 0.1440795 0.1285587 0.1526403 0.2961904 0.1144184 0.1151995 0.1253963 0.3280195 0.1445517 0.3410595 0.1408660 0.1557296 0.4810064 0.1186806 0.1269463 0.1978381 0.1290316 0.1451700 0.1361822 0.3657148 0.1245407 0.1285587 0.1361822 0.1290316 0.1554394 0.1321415 
_Callithrix_jacchus_          0.0429399 0.0594996 0.0399745 0.0522291 0.0490571 0.0643121 0.0493418 0.0674101 0.0399745 0.0399633 0.0367957 0.0399745 0.0507726 0.0398495 0.0502159 0.0687039 0.0568824 0.0553070 0.0525488 0.0553070 0.0719299 0.0569645 0.0282550 0.0476300 0.0027624 0.0000000 0.0027624 0.0000010 0.0111002 0.0497901 0.0520929 0.0583698 0.0594288 0.0645272 0.0605586 0.0428051 0.0490718 0.0581452 0.0372466 0.0371402 0.0225640 0.0631600 0.0566613 0.0629829 0.0598034 0.0568305 0.0566613 0.0590778 0.0598034 0.0600023 0.0554857 0.0527185 0.0893383 0.0520929 0.0593394 0.0942487 0.0509173 0.0490718 0.0558777 0.0522600 0.0522470 0.0612495 0.0581635 0.0579949 0.0716235 0.0460660 0.0581685 0.0440270 0.0663656 0.1362470 0.1362470 0.2508522 0.2802547 0.1476989 0.1472170 0.1398840 0.1245407 0.1483312 0.2895092 0.1105339 0.1112830 0.1213968 0.3209416 0.1403395 0.3410595 0.1366895 0.1514084 0.4715363 0.1147333 0.1224271 0.1902443 0.1249951 0.1409341 0.1320797 0.3562671 0.1205744 0.1245407 0.1320797 0.1249951 0.1506173 0.1280895 
_Callithrix_kuhlii_           0.0460660 0.0630269 0.0430755 0.0558581 0.0522440 0.0676305 0.0525490 0.0707553 0.0430755 0.0430631 0.0401075 0.0430755 0.0542911 0.0429399 0.0534854 0.0724505 0.0604248 0.0585591 0.0557940 0.0585591 0.0755310 0.0603247 0.0312567 0.0511309 0.0055553 0.0027624 0.0000000 0.0027624 0.0139524 0.0530295 0.0553070 0.0616484 0.0627739 0.0683889 0.0605586 0.0459204 0.0522600 0.0581452 0.0403427 0.0402268 0.0255283 0.0667399 0.0600023 0.0663816 0.0631723 0.0601826 0.0600023 0.0624010 0.0631723 0.0633840 0.0587497 0.0559755 0.0932659 0.0553070 0.0630526 0.0981417 0.0544465 0.0522600 0.0595570 0.0554857 0.0558777 0.0645426 0.0614278 0.0612495 0.0750561 0.0492285 0.0618000 0.0484166 0.0699697 0.1404070 0.1404070 0.2568835 0.2863749 0.1519834 0.1514843 0.1440795 0.1285587 0.1526403 0.2961904 0.1144184 0.1151995 0.1253963 0.3280195 0.1445517 0.3495577 0.1408660 0.1557296 0.4810064 0.1186806 0.1269463 0.1902443 0.1290316 0.1451700 0.1361822 0.3657148 0.1245407 0.1285587 0.1361822 0.1290316 0.1554394 0.1321415 
_Callithrix_penicillata_      0.0429399 0.0594996 0.0399745 0.0522291 0.0490571 0.0643121 0.0493418 0.0674101 0.0399745 0.0399633 0.0367957 0.0399745 0.0507726 0.0398495 0.0502159 0.0687039 0.0568824 0.0553070 0.0525488 0.0553070 0.0719299 0.0569645 0.0282550 0.0476300 0.0027624 0.0000010 0.0027624 0.0000000 0.0111002 0.0497901 0.0520929 0.0583698 0.0594288 0.0645272 0.0605586 0.0428051 0.0490718 0.0581452 0.0372466 0.0371402 0.0225640 0.0631600 0.0566613 0.0629829 0.0598034 0.0568305 0.0566613 0.0590778 0.0598034 0.0600023 0.0554857 0.0527185 0.0893383 0.0520929 0.0593394 0.0942487 0.0509173 0.0490718 0.0558777 0.0522600 0.0522470 0.0612495 0.0581635 0.0579949 0.0716235 0.0460660 0.0581685 0.0440270 0.0663656 0.1362470 0.1362470 0.2508522 0.2802547 0.1476989 0.1472170 0.1398840 0.1245407 0.1483312 0.2895092 0.1105339 0.1112830 0.1213968 0.3209416 0.1403395 0.3410595 0.1366895 0.1514084 0.4715363 0.1147333 0.1224271 0.1902443 0.1249951 0.1409341 0.1320797 0.3562671 0.1205744 0.1245407 0.1320797 0.1249951 0.1506173 0.1280895 
_Cebuella_pygmaea_            0.0429399 0.0594996 0.0399745 0.0522291 0.0490571 0.0643121 0.0493418 0.0736535 0.0399745 0.0399633 0.0367957 0.0399745 0.0507726 0.0398495 0.0502159 0.0687039 0.0568824 0.0553070 0.0525488 0.0553070 0.0719299 0.0569645 0.0282550 0.0476300 0.0139524 0.0111002 0.0139524 0.0111002 0.0000000 0.0497901 0.0520929 0.0583698 0.0594288 0.0645272 0.0605586 0.0428051 0.0490718 0.0520613 0.0431995 0.0430755 0.0225640 0.0631600 0.0566613 0.0629829 0.0598034 0.0568305 0.0566613 0.0590778 0.0598034 0.0600023 0.0554857 0.0527185 0.0893383 0.0520929 0.0593394 0.0942487 0.0509173 0.0490718 0.0558777 0.0522600 0.0522470 0.0612495 0.0581635 0.0579949 0.0716235 0.0460660 0.0581685 0.0482019 0.0663656 0.1435406 0.1435406 0.2508522 0.2707578 0.1551380 0.1546292 0.1472170 0.1316573 0.1558090 0.2843473 0.1174998 0.1183015 0.1285001 0.3155849 0.1476989 0.3474439 0.1440093 0.1588877 0.4649589 0.1217853 0.1304450 0.1965790 0.1321415 0.1483312 0.1392991 0.3492923 0.1276238 0.1316573 0.1392991 0.1321415 0.1589681 0.1352441 
_Cebus_albifrons_             0.0393231 0.0543786 0.0364220 0.0473141 0.0512194 0.0542031 0.0455548 0.0632447 0.0451691 0.0422267 0.0386873 0.0451691 0.0523045 0.0421084 0.0463464 0.0592938 0.0421776 0.0484164 0.0428541 0.0484164 0.0564929 0.0461065 0.0540327 0.0858479 0.0530295 0.0497901 0.0530295 0.0497901 0.0497901 0.0000000 0.0026941 0.0081481 0.0426348 0.0418363 0.0479343 0.0392022 0.0572193 0.0601168 0.0573835 0.0572193 0.0563076 0.0578690 0.0458690 0.0520371 0.0488625 0.0460008 0.0458690 0.0489888 0.0488625 0.0490180 0.0636713 0.0606008 0.0966760 0.0602344 0.0638088 0.0975496 0.0589459 0.0572193 0.0604457 0.0604266 0.0569016 0.0482648 0.0452968 0.0451691 0.0574012 0.0026941 0.0088702 0.0038297 0.0545609 0.1373397 0.1373397 0.2704475 0.2828454 0.1486292 0.1481516 0.1409245 0.1257909 0.1492560 0.3026919 0.1119781 0.1092928 0.1192204 0.3114304 0.1342006 0.4031112 0.1377790 0.1522846 0.4545109 0.1126779 0.1217189 0.1798572 0.1227483 0.1456016 0.1296981 0.3569896 0.1184272 0.1223103 0.1296981 0.1302270 0.1494537 0.1257909 
_Cebus_capucinus_             0.0416524 0.0575563 0.0387785 0.0506120 0.0534411 0.0563956 0.0478435 0.0653479 0.0416524 0.0387675 0.0356158 0.0416524 0.0555351 0.0386610 0.0486650 0.0625891 0.0453134 0.0506728 0.0451820 0.0506728 0.0596252 0.0491157 0.0562202 0.0894114 0.0553070 0.0520929 0.0553070 0.0520929 0.0520929 0.0026941 0.0000000 0.0053462 0.0455943 0.0451859 0.0512776 0.0415257 0.0593831 0.0659022 0.0595515 0.0593831 0.0524281 0.0610815 0.0488625 0.0549126 0.0518714 0.0490033 0.0488625 0.0512651 0.0518714 0.0520371 0.0657842 0.0631032 0.1001828 0.0623684 0.0671908 0.1009786 0.0622213 0.0593831 0.0638088 0.0625653 0.0602333 0.0505159 0.0475754 0.0474430 0.0602533 0.0053309 0.0118599 0.0038297 0.0577500 0.1387075 0.1387075 0.2699762 0.2843182 0.1498628 0.1493876 0.1422489 0.1272865 0.1504869 0.3016385 0.1136339 0.1109897 0.1207971 0.3102246 0.1356102 0.3885305 0.1391453 0.1534729 0.4503443 0.1143344 0.1255780 0.1858087 0.1242847 0.1397161 0.1311515 0.3638347 0.1200034 0.1238466 0.1311515 0.1316801 0.1534839 0.1272865 
_Cebus_olivaceus_             0.0475894 0.0609564 0.0446774 0.0541182 0.0595515 0.0625457 0.0539118 0.0716184 0.0475894 0.0446645 0.0388141 0.0475894 0.0589856 0.0445405 0.0548453 0.0661332 0.0486286 0.0508308 0.0453230 0.0508308 0.0598228 0.0492728 0.0623490 0.0933439 0.0616484 0.0583698 0.0616484 0.0583698 0.0583698 0.0081481 0.0053462 0.0000000 0.0517224 0.0487289 0.0548349 0.0474430 0.0655757 0.0659022 0.0657631 0.0655757 0.0587497 0.0645307 0.0550718 0.0612080 0.0581222 0.0552318 0.0550718 0.0574366 0.0581222 0.0583100 0.0721025 0.0694169 0.1040900 0.0686013 0.0708450 0.1082816 0.0657425 0.0655757 0.0674307 0.0688202 0.0638088 0.0565893 0.0536074 0.0534569 0.0665452 0.0107449 0.0149131 0.0077192 0.0643989 0.1463412 0.1463412 0.2808924 0.2856077 0.1576843 0.1571798 0.1499352 0.1347005 0.1583505 0.3135393 0.1208489 0.1182110 0.1281371 0.3222393 0.1432197 0.3909080 0.1468073 0.1613483 0.4657430 0.1216007 0.1299787 0.1929745 0.1316801 0.1438127 0.1386432 0.3731455 0.1272865 0.1312104 0.1316207 0.1392099 0.1581906 0.1347005 
_Cheracebus_lugens_           0.0484164 0.0643989 0.0454517 0.0543094 0.0545472 0.0515433 0.0488336 0.0606009 0.0484164 0.0454384 0.0420510 0.0484164 0.0526626 0.0453100 0.0527515 0.0702184 0.0329788 0.0248118 0.0194149 0.0248118 0.0347995 0.0194692 0.0573835 0.0894114 0.0627739 0.0594288 0.0627739 0.0594288 0.0594288 0.0426348 0.0455943 0.0517224 0.0000000 0.0000010 0.0382833 0.0423699 0.0667382 0.0791110 0.0607954 0.0606200 0.0598228 0.0483348 0.0221940 0.0279681 0.0250313 0.0222548 0.0221940 0.0222502 0.0250313 0.0251075 0.0733965 0.0702526 0.1080491 0.0698208 0.0782982 0.1125967 0.0693086 0.0667382 0.0748177 0.0700477 0.0711000 0.0575842 0.0545470 0.0543910 0.0669543 0.0396904 0.0500284 0.0320931 0.0114908 0.1302270 0.1302270 0.2500995 0.2551164 0.1413765 0.1409245 0.1337739 0.1188480 0.1419667 0.2922906 0.1051805 0.1058781 0.1055066 0.3061799 0.1271010 0.3634207 0.1306413 0.1377790 0.4931455 0.1024399 0.1140681 0.1798572 0.1158139 0.1383512 0.1157645 0.3301040 0.1192719 0.1154040 0.1226944 0.1266989 0.1414637 0.1119781 
_Cheracebus_torquatus_        0.0519434 0.0666683 0.0485549 0.0557337 0.0555322 0.0555322 0.0522828 0.0659108 0.0485549 0.0451712 0.0416888 0.0485549 0.0383708 0.0450259 0.0558974 0.0665936 0.0351947 0.0218378 0.0156562 0.0218378 0.0250282 0.0186653 0.0587585 0.0912683 0.0683889 0.0645272 0.0683889 0.0645272 0.0645272 0.0418363 0.0451859 0.0487289 0.0000010 0.0000000 0.0332821 0.0416888 0.0694366 0.0800148 0.0626598 0.0624539 0.0650179 0.0485549 0.0220565 0.0286207 0.0252798 0.0221260 0.0220565 0.0251930 0.0252798 0.0253672 0.0770736 0.0734738 0.1068249 0.0729585 0.0770736 0.0770736 0.0696932 0.0694366 0.0735022 0.0732293 0.0696932 0.0589927 0.0555322 0.0553515 0.0696932 0.0385059 0.0453471 0.0288929 0.0131527 0.1471791 0.1471791 0.2898688 0.2884817 0.1603345 0.1597405 0.1513408 0.1337308 0.1611213 0.3378276 0.1177838 0.1147281 0.1099539 0.3548277 0.1435683 0.4245956 0.1477216 0.1561046 0.5679104 0.1107389 0.1102926 0.1855588 0.1302434 0.1484340 0.1301762 0.3467753 0.1342855 0.1297079 0.1342151 0.1389313 0.1482681 0.1257091 
_Chiropotes_chiropotes_       0.0447671 0.0554284 0.0414494 0.0505524 0.0652896 0.0652896 0.0587999 0.0757455 0.0447671 0.0414363 0.0351940 0.0447671 0.0455245 0.0413046 0.0519611 0.0483822 0.0123413 0.0381506 0.0318008 0.0381506 0.0346301 0.0348697 0.0514425 0.0976089 0.0643573 0.0605586 0.0605586 0.0605586 0.0605586 0.0479343 0.0512776 0.0548349 0.0382833 0.0332821 0.0000000 0.0380180 0.0722674 0.0547156 0.0586293 0.0584389 0.0610139 0.0352049 0.0317088 0.0384058 0.0349806 0.0318105 0.0317088 0.0348601 0.0349806 0.0317088 0.0798925 0.0763067 0.1002699 0.0687804 0.0723331 0.0920379 0.0711364 0.0722674 0.0686769 0.0760544 0.0647962 0.0618663 0.0584184 0.0582295 0.0725331 0.0446101 0.0535254 0.0435632 0.0514558 0.1334579 0.1334579 0.2861613 0.2903936 0.1461859 0.1456544 0.1374988 0.1244327 0.1468830 0.3458828 0.1088478 0.1096689 0.1050099 0.3478607 0.1379975 0.4288412 0.1339405 0.1503175 0.5799953 0.1135081 0.1062881 0.1639545 0.1209891 0.1427529 0.1288467 0.3675203 0.1249388 0.1205013 0.1248762 0.1294413 0.1368132 0.1244327 
_Lagothrix_lagotricha_        0.0217016 0.0354358 0.0189423 0.0245737 0.0386506 0.0472841 0.0359991 0.0560459 0.0161965 0.0134609 0.0144741 0.0161965 0.0238544 0.0134248 0.0165998 0.0335731 0.0327637 0.0359189 0.0304853 0.0359189 0.0410763 0.0340106 0.0356932 0.0712775 0.0459204 0.0428051 0.0459204 0.0428051 0.0428051 0.0392022 0.0415257 0.0474430 0.0423699 0.0416888 0.0380180 0.0000000 0.0502049 0.0484220 0.0387680 0.0386610 0.0430755 0.0386985 0.0338371 0.0396904 0.0367508 0.0339325 0.0338371 0.0363300 0.0367508 0.0368651 0.0564127 0.0537430 0.0925201 0.0472975 0.0635835 0.0972049 0.0553099 0.0502049 0.0602333 0.0532912 0.0567032 0.0415257 0.0386499 0.0385442 0.0450420 0.0358104 0.0429408 0.0398809 0.0510481 0.1238466 0.1238466 0.2305944 0.2412694 0.1346395 0.1342201 0.1272865 0.1128481 0.1351846 0.2590217 0.0995805 0.0936460 0.0998817 0.2820087 0.1276822 0.3732686 0.1242307 0.1381454 0.4377762 0.0936105 0.1056856 0.1719180 0.1098838 0.1178447 0.1165637 0.3195039 0.1058172 0.1095054 0.1165637 0.1069135 0.1403267 0.1195853 
_Leontocebus_fuscicollis_     0.0503599 0.0671924 0.0474430 0.0539284 0.0563956 0.0653479 0.0597023 0.0683618 0.0532912 0.0532750 0.0574626 0.0532912 0.0686356 0.0531266 0.0576966 0.0799071 0.0614567 0.0716420 0.0661196 0.0716420 0.0858711 0.0706187 0.0474294 0.0929953 0.0522600 0.0490718 0.0522600 0.0490718 0.0490718 0.0572193 0.0593831 0.0655757 0.0667382 0.0694366 0.0722674 0.0502049 0.0000000 0.0000010 0.0565722 0.0564127 0.0554857 0.0708231 0.0671497 0.0733965 0.0702527 0.0673462 0.0671497 0.0694171 0.0702527 0.0704825 0.0107185 0.0080605 0.0392831 0.0079731 0.0120043 0.0444415 0.0058119 0.0053026 0.0089787 0.0079961 0.0059502 0.0653686 0.0623486 0.0621729 0.0755657 0.0534569 0.0628072 0.0614636 0.0805627 0.1316801 0.1316801 0.2524942 0.2670630 0.1391453 0.1422489 0.1351846 0.1069135 0.1397161 0.3004086 0.1272865 0.1177947 0.1207971 0.3297920 0.1320936 0.4068116 0.1285954 0.1426991 0.4759351 0.1211719 0.1372920 0.1787913 0.1174311 0.1541153 0.1242305 0.3687791 0.1132395 0.1170204 0.1242305 0.1351846 0.1414637 0.1272865 
_Leontocebus_fuscus_          0.0543866 0.0730919 0.0487110 0.0550165 0.0601168 0.0659022 0.0662658 0.0776405 0.0601168 0.0600811 0.0540616 0.0601168 0.0484220 0.0597549 0.0549523 0.0549523 0.0550487 0.0907466 0.0794531 0.0907466 0.0907466 0.0846510 0.0484220 0.0647113 0.0647113 0.0581452 0.0581452 0.0581452 0.0520613 0.0601168 0.0659022 0.0659022 0.0791110 0.0800148 0.0547156 0.0484220 0.0000010 0.0000000 0.0604470 0.0601168 0.0651369 0.0663068 0.0800693 0.0862282 0.0862282 0.0805293 0.0800693 0.0856759 0.0862282 0.0800693 0.0104661 0.0105202 0.0263911 0.0104071 0.0158649 0.0104661 0.0104661 0.0051790 0.0158649 0.0104661 0.0104661 0.0781243 0.0721410 0.0717432 0.0776405 0.0543866 0.0663068 0.0691490 0.0949577 0.1815635 0.1815635 0.2949547 0.3347247 0.1979804 0.1966887 0.1815635 0.1360761 0.1997441 0.4350678 0.1703063 0.1653561 0.1489812 0.4851974 0.1827440 0.7590808 0.1752439 0.1903226 0.8472977 0.1569939 0.1712083 0.1903226 0.1500507 0.2217021 0.1581371 0.5474916 0.1420158 0.1500507 0.1581371 0.1655223 0.1689089 0.1715570 
