82
Alouatta_belzebul           0.0000000 0.0047718 0.0202434 0.0380243 0.0196466 0.0247303 0.0197438 0.0247303 0.0097498 0.0146326 0.0096086 0.0096086 0.0146326 0.0145836 0.0145130 0.0470502 0.0470502 0.0354200 0.0354200 0.0145130 0.0296290 0.0145130 0.0145130 0.0196466 0.0417311 0.0417311 0.0418982 0.0360577 0.0415144 0.0145130 0.0301447 0.0298839 0.0298839 0.0296290 0.0296290 0.0304094 0.0411381 0.0301447 0.0301447 0.0313568 0.0354200 0.0301447 0.0393533 0.0523895 0.0361046 0.0354200 0.0147037 0.0147037 0.0472970 0.0472970 0.0363856 0.0421191 0.1677911 0.2359726 0.0415144 0.0311572 0.0418982 0.0418982 0.0479429 0.0899267 0.0595045 0.0654143 0.0536810 0.0989778 0.0360577 0.1050194 0.0383832 0.0418982 0.0845520 0.0326848 0.0542646 0.0918837 0.0536810 0.0306790 0.0728912 0.0360577 0.0836667 0.0477442 0.0415144 0.0316509 0.0536810 0.0360577 
Alouatta_caraya             0.0047718 0.0000000 0.0150738 0.0447539 0.0247303 0.0298839 0.0248536 0.0298839 0.0147263 0.0196466 0.0145130 0.0145130 0.0196466 0.0195792 0.0194839 0.0526655 0.0526655 0.0407690 0.0407690 0.0194839 0.0348050 0.0194839 0.0194839 0.0247303 0.0472970 0.0472970 0.0474920 0.0415144 0.0470502 0.0194839 0.0354200 0.0351100 0.0351100 0.0348050 0.0348050 0.0357358 0.0466171 0.0354200 0.0354200 0.0379650 0.0407690 0.0354200 0.0453349 0.0637967 0.0415657 0.0407690 0.0197438 0.0197438 0.0529445 0.0529445 0.0418982 0.0477443 0.1756513 0.2511873 0.0470502 0.0366241 0.0474920 0.0474920 0.0536810 0.0962751 0.0654143 0.0714110 0.0595045 0.1056362 0.0415144 0.1117301 0.0442172 0.0474920 0.0908934 0.0395973 0.0601563 0.0984040 0.0595045 0.0360577 0.0791278 0.0415144 0.0899267 0.0534525 0.0470502 0.0372086 0.0595045 0.0415144 
Alouatta_palliata           0.0202434 0.0150738 0.0000000 0.0616912 0.0420538 0.0476587 0.0363866 0.0476587 0.0312867 0.0365288 0.0308051 0.0308051 0.0365288 0.0363867 0.0361983 0.0730802 0.0730802 0.0596876 0.0596876 0.0361983 0.0528384 0.0361983 0.0361983 0.0420538 0.0673133 0.0673133 0.0676296 0.0608854 0.0669380 0.0361983 0.0538584 0.0533432 0.0533432 0.0528384 0.0528384 0.0543843 0.0662611 0.0538584 0.0538584 0.0591834 0.0596876 0.0538584 0.0645230 0.0894241 0.0609480 0.0596876 0.0367204 0.0367204 0.0734933 0.0734933 0.0615043 0.0680136 0.2111891 0.2904815 0.0669380 0.0558423 0.0676296 0.0676296 0.0746334 0.1214337 0.0875161 0.0941037 0.0810258 0.1325443 0.0608854 0.1391198 0.0629140 0.0676296 0.1158158 0.0567973 0.0819769 0.1244122 0.0810258 0.0549220 0.0894922 0.0608854 0.1144540 0.0742701 0.0669380 0.0549220 0.0810258 0.0608854 
Alouatta_sara               0.0380243 0.0447539 0.0616912 0.0000000 0.0592569 0.0664352 0.0596497 0.0664352 0.0447539 0.0522013 0.0447539 0.0447539 0.0522013 0.0515987 0.0515987 0.0910469 0.0910469 0.0821952 0.0821952 0.0515987 0.0728368 0.0515987 0.0515987 0.0592569 0.0910469 0.0910469 0.0935318 0.0843580 0.0832606 0.0515987 0.0746586 0.0737356 0.0737356 0.0728368 0.0728368 0.0672514 0.0821952 0.0746586 0.0746586 0.0863596 0.0821952 0.0746586 0.0951262 0.1301067 0.0844313 0.0821952 0.0515987 0.0515987 0.0910469 0.0910469 0.0854880 0.0942105 0.2661567 0.3459702 0.0843580 0.0782211 0.0935318 0.0935318 0.0935318 0.1658321 0.1202996 0.1290984 0.1116556 0.1829163 0.0843580 0.1915732 0.0920595 0.0935318 0.1589610 0.0776684 0.1133455 0.1714258 0.1116556 0.0765856 0.1331341 0.0843580 0.1564196 0.0942106 0.0843580 0.0799284 0.1116556 0.0843580 
Aotus_azarae                0.0196466 0.0247303 0.0420538 0.0592569 0.0000000 0.0047718 0.0000021 0.0047718 0.0098301 0.0147540 0.0096872 0.0096872 0.0147540 0.0147037 0.0146326 0.0474920 0.0474920 0.0357358 0.0357358 0.0146326 0.0404068 0.0247303 0.0247303 0.0301447 0.0534525 0.0534525 0.0422895 0.0363856 0.0418982 0.0146326 0.0411381 0.0407690 0.0407690 0.0404068 0.0404068 0.0306790 0.0415144 0.0304094 0.0304094 0.0452002 0.0466171 0.0411381 0.0519407 0.0650592 0.0475476 0.0466171 0.0250675 0.0250675 0.0592445 0.0592445 0.0367200 0.0425147 0.1700677 0.2580135 0.0418982 0.0314409 0.0422895 0.0422895 0.0484030 0.0908934 0.0600947 0.0660736 0.0542047 0.1000966 0.0363856 0.1062178 0.0387571 0.0422895 0.0854585 0.0400629 0.0548002 0.0928987 0.0542047 0.0309537 0.0613144 0.0363856 0.0845520 0.0481998 0.0418982 0.0319438 0.0542047 0.0363856 
Aotus_griseimembra          0.0247303 0.0298839 0.0476587 0.0664352 0.0047718 0.0000000 0.0047947 0.0096086 0.0148499 0.0198126 0.0146326 0.0146326 0.0198126 0.0197438 0.0196466 0.0531680 0.0531680 0.0411381 0.0411381 0.0196466 0.0457759 0.0298839 0.0298839 0.0354200 0.0592445 0.0592445 0.0479429 0.0418982 0.0474920 0.0196466 0.0466171 0.0461924 0.0461924 0.0457759 0.0457759 0.0360577 0.0470502 0.0357358 0.0357358 0.0521306 0.0521732 0.0466171 0.0581826 0.0770680 0.0532264 0.0521732 0.0302969 0.0302969 0.0651208 0.0651208 0.0422895 0.0482001 0.1780692 0.2740880 0.0474920 0.0369628 0.0479429 0.0479429 0.0542047 0.0973264 0.0660736 0.0721427 0.0600947 0.1068498 0.0418982 0.1130257 0.0446546 0.0479429 0.0918837 0.0471991 0.0607599 0.0995089 0.0600947 0.0363856 0.0674372 0.0418982 0.0908934 0.0539712 0.0474920 0.0375587 0.0600947 0.0418982 
Aotus_nancymaae             0.0197438 0.0248536 0.0363866 0.0596497 0.0000021 0.0047947 0.0000000 0.0047947 0.0098787 0.0148270 0.0097344 0.0097344 0.0148270 0.0147766 0.0147041 0.0477443 0.0477443 0.0359191 0.0359191 0.0147041 0.0406115 0.0248536 0.0248536 0.0302970 0.0537401 0.0537401 0.0425147 0.0365760 0.0421191 0.0147041 0.0413508 0.0409776 0.0409776 0.0406115 0.0406115 0.0308364 0.0417312 0.0305635 0.0305635 0.0454941 0.0468598 0.0413508 0.0522425 0.0657734 0.0478003 0.0468598 0.0251939 0.0251939 0.0595655 0.0595655 0.0369141 0.0427423 0.1711854 0.2611932 0.0421191 0.0316067 0.0425147 0.0425147 0.0486654 0.0914132 0.0604254 0.0664398 0.0545008 0.1006914 0.0365760 0.1068500 0.0389733 0.0425147 0.0859495 0.0403326 0.0551027 0.0934433 0.0545008 0.0311142 0.0616596 0.0365760 0.0850320 0.0484602 0.0421191 0.0321150 0.0545008 0.0365760 
Aotus_trivirgatus           0.0247303 0.0298839 0.0476587 0.0664352 0.0047718 0.0096086 0.0047947 0.0000000 0.0148499 0.0198126 0.0146326 0.0146326 0.0198126 0.0197438 0.0196466 0.0531680 0.0531680 0.0411381 0.0411381 0.0196466 0.0457759 0.0298839 0.0298839 0.0354200 0.0592445 0.0592445 0.0479429 0.0418982 0.0474920 0.0196466 0.0466171 0.0461924 0.0461924 0.0457759 0.0457759 0.0360577 0.0470502 0.0357358 0.0357358 0.0521306 0.0521732 0.0466171 0.0581826 0.0770680 0.0532264 0.0521732 0.0302969 0.0302969 0.0651208 0.0651208 0.0422895 0.0482001 0.1780692 0.2740880 0.0474920 0.0369628 0.0479429 0.0479429 0.0542047 0.0973264 0.0600947 0.0660736 0.0542047 0.1068498 0.0418982 0.1130257 0.0446546 0.0479429 0.0918837 0.0471991 0.0548002 0.0995089 0.0542047 0.0363856 0.0613144 0.0418982 0.0908934 0.0539712 0.0474920 0.0375587 0.0542047 0.0418982 
Ateles_belzebuth            0.0097498 0.0147263 0.0312867 0.0447539 0.0098301 0.0148499 0.0098787 0.0148499 0.0000000 0.0048801 0.0000010 0.0000010 0.0048801 0.0048412 0.0048412 0.0366241 0.0366241 0.0253215 0.0253215 0.0048412 0.0300748 0.0147263 0.0147263 0.0199406 0.0423951 0.0423951 0.0314409 0.0257705 0.0311571 0.0048412 0.0306060 0.0303380 0.0303380 0.0300748 0.0300748 0.0202854 0.0308791 0.0201114 0.0201114 0.0313568 0.0359659 0.0306060 0.0400287 0.0413000 0.0366722 0.0359659 0.0149238 0.0149238 0.0480557 0.0480557 0.0260012 0.0316067 0.1553424 0.2210681 0.0311571 0.0207817 0.0314409 0.0314409 0.0373083 0.0788045 0.0487231 0.0665035 0.0429720 0.0874570 0.0257705 0.0934973 0.0274295 0.0314409 0.0733665 0.0259001 0.0434400 0.0804969 0.0429720 0.0204625 0.0617233 0.0257705 0.0726089 0.0371593 0.0311571 0.0211109 0.0429720 0.0257705 
Ateles_chamek               0.0146326 0.0196466 0.0365288 0.0522013 0.0147540 0.0198126 0.0148270 0.0198126 0.0048801 0.0000000 0.0048100 0.0048100 0.0000010 0.0097344 0.0096872 0.0418982 0.0418982 0.0304094 0.0304094 0.0096872 0.0351100 0.0196466 0.0196466 0.0249416 0.0477442 0.0477442 0.0367200 0.0309537 0.0363856 0.0096872 0.0357358 0.0354200 0.0354200 0.0351100 0.0351100 0.0253778 0.0360577 0.0251582 0.0251582 0.0383911 0.0411381 0.0357358 0.0457954 0.0533938 0.0419502 0.0411381 0.0199113 0.0199113 0.0534525 0.0534525 0.0312334 0.0369141 0.1621747 0.2422607 0.0363856 0.0260005 0.0367200 0.0367200 0.0426887 0.0845520 0.0542047 0.0721427 0.0484030 0.0934433 0.0309537 0.0995089 0.0329521 0.0367200 0.0791278 0.0330613 0.0489307 0.0863861 0.0484030 0.0256012 0.0674372 0.0309537 0.0783019 0.0425147 0.0363856 0.0264133 0.0484030 0.0309537 
Ateles_fusciceps            0.0096086 0.0145130 0.0308051 0.0447539 0.0096872 0.0146326 0.0097344 0.0146326 0.0000010 0.0048100 0.0000000 0.0000010 0.0048100 0.0047947 0.0047718 0.0360577 0.0360577 0.0249416 0.0249416 0.0047718 0.0296290 0.0145130 0.0145130 0.0196466 0.0417311 0.0417311 0.0309537 0.0253778 0.0306790 0.0047718 0.0301447 0.0298839 0.0298839 0.0296290 0.0296290 0.0199806 0.0304094 0.0198126 0.0198126 0.0313568 0.0354200 0.0301447 0.0393533 0.0413000 0.0361046 0.0354200 0.0147037 0.0147037 0.0472970 0.0472970 0.0256012 0.0311142 0.1523838 0.2210681 0.0306790 0.0204625 0.0309537 0.0309537 0.0367200 0.0774949 0.0479429 0.0654143 0.0422895 0.0859495 0.0253778 0.0918837 0.0269848 0.0309537 0.0721427 0.0259001 0.0427423 0.0791278 0.0422895 0.0201529 0.0606979 0.0253778 0.0714110 0.0365760 0.0306790 0.0207813 0.0422895 0.0253778 
Ateles_geoffroyi            0.0096086 0.0145130 0.0308051 0.0447539 0.0096872 0.0146326 0.0097344 0.0146326 0.0000010 0.0048100 0.0000010 0.0000000 0.0048100 0.0047947 0.0047718 0.0360577 0.0360577 0.0249416 0.0249416 0.0047718 0.0296290 0.0145130 0.0145130 0.0196466 0.0417311 0.0417311 0.0309537 0.0253778 0.0306790 0.0047718 0.0301447 0.0298839 0.0298839 0.0296290 0.0296290 0.0199806 0.0304094 0.0198126 0.0198126 0.0313568 0.0354200 0.0301447 0.0393533 0.0413000 0.0361046 0.0354200 0.0147037 0.0147037 0.0472970 0.0472970 0.0256012 0.0311142 0.1523838 0.2210681 0.0306790 0.0204625 0.0309537 0.0309537 0.0367200 0.0774949 0.0479429 0.0654143 0.0422895 0.0859495 0.0253778 0.0918837 0.0269848 0.0309537 0.0721427 0.0259001 0.0427423 0.0791278 0.0422895 0.0201529 0.0606979 0.0253778 0.0714110 0.0365760 0.0306790 0.0207813 0.0422895 0.0253778 
Ateles_paniscus             0.0146326 0.0196466 0.0365288 0.0522013 0.0147540 0.0198126 0.0148270 0.0198126 0.0048801 0.0000010 0.0048100 0.0048100 0.0000000 0.0097344 0.0096872 0.0418982 0.0418982 0.0304094 0.0304094 0.0096872 0.0351100 0.0196466 0.0196466 0.0249416 0.0477442 0.0477442 0.0367200 0.0309537 0.0363856 0.0096872 0.0357358 0.0354200 0.0354200 0.0351100 0.0351100 0.0253778 0.0360577 0.0251582 0.0251582 0.0383911 0.0411381 0.0357358 0.0457954 0.0533938 0.0419502 0.0411381 0.0199113 0.0199113 0.0534525 0.0534525 0.0312334 0.0369141 0.1621747 0.2422607 0.0363856 0.0260005 0.0367200 0.0367200 0.0426887 0.0845520 0.0542047 0.0721427 0.0484030 0.0934433 0.0309537 0.0995089 0.0329521 0.0367200 0.0791278 0.0330613 0.0489307 0.0863861 0.0484030 0.0256012 0.0674372 0.0309537 0.0783019 0.0425147 0.0363856 0.0264133 0.0484030 0.0309537 
Brachyteles_arachnoides     0.0145836 0.0195792 0.0363867 0.0515987 0.0147037 0.0197438 0.0147766 0.0197438 0.0048412 0.0097344 0.0047947 0.0047947 0.0097344 0.0000000 0.0000010 0.0417311 0.0417311 0.0302969 0.0302969 0.0000010 0.0349785 0.0195792 0.0195792 0.0248536 0.0475476 0.0475476 0.0365760 0.0308368 0.0362442 0.0096555 0.0356001 0.0352869 0.0352869 0.0349785 0.0349785 0.0252855 0.0359192 0.0250675 0.0250675 0.0379650 0.0409778 0.0356001 0.0455934 0.0523895 0.0417828 0.0409778 0.0198417 0.0198417 0.0532264 0.0532264 0.0311139 0.0367684 0.1610645 0.2359726 0.0362442 0.0259032 0.0365760 0.0365760 0.0425147 0.0841361 0.0539712 0.0718058 0.0481998 0.0929537 0.0308368 0.0989778 0.0328186 0.0365760 0.0787431 0.0326848 0.0487230 0.0859495 0.0481998 0.0255070 0.0671228 0.0308368 0.0779266 0.0423423 0.0362442 0.0263125 0.0481998 0.0308368 
Brachyteles_hypoxanthus     0.0145130 0.0194839 0.0361983 0.0515987 0.0146326 0.0196466 0.0147041 0.0196466 0.0048412 0.0096872 0.0047718 0.0047718 0.0096872 0.0000010 0.0000000 0.0415144 0.0415144 0.0301447 0.0301447 0.0000010 0.0348050 0.0194839 0.0194839 0.0247303 0.0472970 0.0472970 0.0363856 0.0306790 0.0360577 0.0096086 0.0354200 0.0351100 0.0351100 0.0348050 0.0348050 0.0251582 0.0357358 0.0249416 0.0249416 0.0379650 0.0407690 0.0354200 0.0453349 0.0523895 0.0415657 0.0407690 0.0197438 0.0197438 0.0529445 0.0529445 0.0309537 0.0365760 0.1600344 0.2359726 0.0360577 0.0257705 0.0363856 0.0363856 0.0422895 0.0836667 0.0536810 0.0714110 0.0479429 0.0924156 0.0306790 0.0984040 0.0326398 0.0363856 0.0783019 0.0326848 0.0484602 0.0854585 0.0479429 0.0253778 0.0667478 0.0306790 0.0774949 0.0421187 0.0360577 0.0261756 0.0479429 0.0306790 
Cacajao_calvus              0.0470502 0.0526655 0.0730802 0.0910469 0.0474920 0.0531680 0.0477443 0.0531680 0.0366241 0.0418982 0.0360577 0.0360577 0.0418982 0.0417311 0.0415144 0.0000000 0.0000010 0.0526655 0.0526655 0.0415144 0.0699954 0.0526655 0.0526655 0.0589268 0.0859495 0.0859495 0.0600947 0.0536810 0.0047718 0.0415144 0.0595045 0.0706954 0.0706954 0.0699954 0.0699954 0.0146326 0.0196466 0.0470502 0.0470502 0.0606294 0.0654143 0.0595045 0.0733645 0.0933884 0.0668114 0.0654143 0.0534525 0.0534525 0.0924156 0.0924156 0.0542047 0.0604254 0.1971981 0.2904815 0.0595045 0.0487230 0.0600947 0.0600947 0.0667478 0.1117301 0.0667478 0.0854585 0.0728912 0.1221099 0.0536810 0.1074478 0.0573206 0.0600947 0.1062178 0.0544718 0.0737207 0.0939386 0.0606979 0.0479429 0.0939386 0.0536810 0.1050194 0.0664405 0.0595045 0.0495291 0.0728912 0.0536810 
Cacajao_melanocephalus      0.0470502 0.0526655 0.0730802 0.0910469 0.0474920 0.0531680 0.0477443 0.0531680 0.0366241 0.0418982 0.0360577 0.0360577 0.0418982 0.0417311 0.0415144 0.0000010 0.0000000 0.0526655 0.0526655 0.0415144 0.0699954 0.0526655 0.0526655 0.0589268 0.0859495 0.0859495 0.0600947 0.0536810 0.0047718 0.0415144 0.0595045 0.0706954 0.0706954 0.0699954 0.0699954 0.0146326 0.0196466 0.0470502 0.0470502 0.0606294 0.0654143 0.0595045 0.0733645 0.0933884 0.0668114 0.0654143 0.0534525 0.0534525 0.0924156 0.0924156 0.0542047 0.0604254 0.1971981 0.2904815 0.0595045 0.0487230 0.0600947 0.0600947 0.0667478 0.1117301 0.0667478 0.0854585 0.0728912 0.1221099 0.0536810 0.1074478 0.0573206 0.0600947 0.1062178 0.0544718 0.0737207 0.0939386 0.0606979 0.0479429 0.0939386 0.0536810 0.1050194 0.0664405 0.0595045 0.0495291 0.0728912 0.0536810 
Callicebus_coimbrai         0.0354200 0.0407690 0.0596876 0.0821952 0.0357358 0.0411381 0.0359191 0.0411381 0.0253215 0.0304094 0.0249416 0.0249416 0.0304094 0.0302969 0.0301447 0.0526655 0.0526655 0.0000000 0.0096086 0.0301447 0.0572645 0.0407690 0.0407690 0.0466171 0.0718058 0.0718058 0.0251582 0.0198126 0.0470502 0.0301447 0.0583612 0.0521732 0.0521732 0.0572645 0.0572645 0.0357358 0.0466171 0.0047718 0.0047718 0.0671756 0.0641376 0.0583612 0.0717421 0.1044097 0.0654763 0.0641376 0.0413505 0.0413505 0.0779266 0.0779266 0.0304094 0.0359191 0.1756513 0.2667083 0.0249416 0.0253215 0.0357358 0.0357358 0.0415144 0.0962751 0.0654143 0.0836667 0.0595045 0.1056362 0.0301447 0.1117301 0.0320337 0.0251582 0.0908934 0.0319582 0.0601563 0.0984040 0.0595045 0.0249416 0.0791278 0.0301447 0.0899267 0.0413505 0.0354200 0.0257122 0.0595045 0.0301447 
Callicebus_nigrifrons       0.0354200 0.0407690 0.0596876 0.0821952 0.0357358 0.0411381 0.0359191 0.0411381 0.0253215 0.0304094 0.0249416 0.0249416 0.0304094 0.0302969 0.0301447 0.0526655 0.0526655 0.0096086 0.0000000 0.0301447 0.0572645 0.0407690 0.0407690 0.0466171 0.0718058 0.0718058 0.0251582 0.0198126 0.0470502 0.0301447 0.0583612 0.0521732 0.0521732 0.0572645 0.0572645 0.0357358 0.0466171 0.0047718 0.0047718 0.0671756 0.0641376 0.0583612 0.0717421 0.0913580 0.0654763 0.0641376 0.0413505 0.0413505 0.0779266 0.0779266 0.0304094 0.0359191 0.1756513 0.2511873 0.0249416 0.0253215 0.0357358 0.0357358 0.0415144 0.0962751 0.0654143 0.0836667 0.0595045 0.1056362 0.0198126 0.1117301 0.0320337 0.0251582 0.0908934 0.0319582 0.0542646 0.0984040 0.0595045 0.0249416 0.0791278 0.0301447 0.0899267 0.0413505 0.0354200 0.0257122 0.0595045 0.0301447 
Callicebus_personatus       0.0145130 0.0194839 0.0361983 0.0515987 0.0146326 0.0196466 0.0147041 0.0196466 0.0048412 0.0096872 0.0047718 0.0047718 0.0096872 0.0000010 0.0000010 0.0415144 0.0415144 0.0301447 0.0301447 0.0000000 0.0348050 0.0194839 0.0194839 0.0247303 0.0472970 0.0472970 0.0363856 0.0306790 0.0360577 0.0096086 0.0354200 0.0351100 0.0351100 0.0348050 0.0348050 0.0251582 0.0357358 0.0249416 0.0249416 0.0379650 0.0407690 0.0354200 0.0453349 0.0523895 0.0415657 0.0407690 0.0197438 0.0197438 0.0529445 0.0529445 0.0309537 0.0365760 0.1600344 0.2359726 0.0360577 0.0257705 0.0363856 0.0363856 0.0422895 0.0836667 0.0536810 0.0714110 0.0479429 0.0924156 0.0306790 0.0984040 0.0326398 0.0363856 0.0783019 0.0326848 0.0484602 0.0854585 0.0479429 0.0253778 0.0667478 0.0306790 0.0774949 0.0421187 0.0360577 0.0261756 0.0479429 0.0306790 
Callimico_goeldii           0.0296290 0.0348050 0.0528384 0.0728368 0.0404068 0.0457759 0.0406115 0.0457759 0.0300748 0.0351100 0.0296290 0.0296290 0.0351100 0.0349785 0.0348050 0.0699954 0.0699954 0.0572645 0.0572645 0.0348050 0.0000000 0.0145130 0.0145130 0.0196466 0.0644822 0.0644822 0.0647691 0.0583612 0.0641376 0.0348050 0.0407690 0.0298839 0.0298839 0.0296290 0.0296290 0.0521732 0.0635195 0.0516907 0.0516907 0.0515295 0.0461924 0.0407690 0.0514091 0.0875800 0.0471050 0.0461924 0.0352869 0.0352869 0.0703740 0.0703740 0.0589268 0.0651207 0.1998503 0.2825334 0.0641376 0.0535113 0.0647691 0.0647691 0.0714110 0.1158523 0.0836667 0.1027121 0.0774949 0.1261900 0.0583612 0.1324346 0.0622652 0.0647691 0.1104680 0.0538125 0.0783631 0.1050194 0.0774949 0.0526655 0.0984040 0.0583612 0.1092379 0.0710820 0.0641376 0.0543843 0.0774949 0.0583612 
Callithrix_aurita           0.0145130 0.0194839 0.0361983 0.0515987 0.0247303 0.0298839 0.0248536 0.0298839 0.0147263 0.0196466 0.0145130 0.0145130 0.0196466 0.0195792 0.0194839 0.0526655 0.0526655 0.0407690 0.0407690 0.0194839 0.0145130 0.0000000 0.0000010 0.0048100 0.0472970 0.0472970 0.0474920 0.0415144 0.0470502 0.0194839 0.0249416 0.0146326 0.0146326 0.0145130 0.0145130 0.0357358 0.0466171 0.0354200 0.0354200 0.0313568 0.0301447 0.0249416 0.0334637 0.0523895 0.0307209 0.0301447 0.0197438 0.0197438 0.0529445 0.0529445 0.0418982 0.0477443 0.1756513 0.2359726 0.0470502 0.0366241 0.0474920 0.0474920 0.0536810 0.0962751 0.0654143 0.0836667 0.0595045 0.1056362 0.0415144 0.1117301 0.0442172 0.0474920 0.0908934 0.0326848 0.0601563 0.0984040 0.0595045 0.0360577 0.0791278 0.0415144 0.0899267 0.0534525 0.0470502 0.0372086 0.0595045 0.0415144 
Callithrix_geoffroyi        0.0145130 0.0194839 0.0361983 0.0515987 0.0247303 0.0298839 0.0248536 0.0298839 0.0147263 0.0196466 0.0145130 0.0145130 0.0196466 0.0195792 0.0194839 0.0526655 0.0526655 0.0407690 0.0407690 0.0194839 0.0145130 0.0000010 0.0000000 0.0048100 0.0472970 0.0472970 0.0474920 0.0415144 0.0470502 0.0194839 0.0249416 0.0146326 0.0146326 0.0145130 0.0145130 0.0357358 0.0466171 0.0354200 0.0354200 0.0313568 0.0301447 0.0249416 0.0334637 0.0523895 0.0307209 0.0301447 0.0197438 0.0197438 0.0529445 0.0529445 0.0418982 0.0477443 0.1756513 0.2359726 0.0470502 0.0366241 0.0474920 0.0474920 0.0536810 0.0962751 0.0654143 0.0836667 0.0595045 0.1056362 0.0415144 0.1117301 0.0442172 0.0474920 0.0908934 0.0326848 0.0601563 0.0984040 0.0595045 0.0360577 0.0791278 0.0415144 0.0899267 0.0534525 0.0470502 0.0372086 0.0595045 0.0415144 
Cebuella_pygmaea            0.0196466 0.0247303 0.0420538 0.0592569 0.0301447 0.0354200 0.0302970 0.0354200 0.0199406 0.0249416 0.0196466 0.0196466 0.0249416 0.0248536 0.0247303 0.0589268 0.0589268 0.0466171 0.0466171 0.0247303 0.0196466 0.0048100 0.0048100 0.0000000 0.0534525 0.0534525 0.0536810 0.0474920 0.0531680 0.0247303 0.0304094 0.0198126 0.0198126 0.0196466 0.0196466 0.0415144 0.0526655 0.0411381 0.0411381 0.0383911 0.0357358 0.0304094 0.0397462 0.0650592 0.0364333 0.0357358 0.0250675 0.0250675 0.0592445 0.0592445 0.0479429 0.0539712 0.1861783 0.2580135 0.0531680 0.0425678 0.0536810 0.0536810 0.0600947 0.1038512 0.0721427 0.0908934 0.0660736 0.1137031 0.0474920 0.1199325 0.0506463 0.0536810 0.0984040 0.0400629 0.0668114 0.1062178 0.0660736 0.0418982 0.0863861 0.0474920 0.0973264 0.0598288 0.0531680 0.0432593 0.0660736 0.0474920 
Cebus_albifrons             0.0417311 0.0472970 0.0673133 0.0910469 0.0534525 0.0592445 0.0537401 0.0592445 0.0423951 0.0477442 0.0417311 0.0417311 0.0477442 0.0475476 0.0472970 0.0859495 0.0859495 0.0718058 0.0718058 0.0472970 0.0644822 0.0472970 0.0472970 0.0534525 0.0000000 0.0000010 0.0804348 0.0733036 0.0795790 0.0472970 0.0657734 0.0651208 0.0651208 0.0644822 0.0644822 0.0664405 0.0787431 0.0657734 0.0657734 0.0680136 0.0718058 0.0657734 0.0806687 0.0913580 0.0733665 0.0718058 0.0359192 0.0359192 0.0148271 0.0148271 0.0740778 0.0809017 0.2134223 0.2989392 0.0795790 0.0682725 0.0804348 0.0804348 0.0878529 0.1365399 0.1012443 0.1080957 0.0944969 0.1486191 0.0733036 0.1553924 0.0785773 0.0804348 0.1308806 0.0712582 0.0956326 0.1292730 0.0944969 0.0671228 0.1178599 0.0733036 0.1150508 0.0873978 0.0795790 0.0694625 0.0944969 0.0733036 
Cebus_olivaceus             0.0417311 0.0472970 0.0673133 0.0910469 0.0534525 0.0592445 0.0537401 0.0592445 0.0423951 0.0477442 0.0417311 0.0417311 0.0477442 0.0475476 0.0472970 0.0859495 0.0859495 0.0718058 0.0718058 0.0472970 0.0644822 0.0472970 0.0472970 0.0534525 0.0000010 0.0000000 0.0804348 0.0733036 0.0795790 0.0472970 0.0657734 0.0651208 0.0651208 0.0644822 0.0644822 0.0664405 0.0787431 0.0657734 0.0657734 0.0680136 0.0718058 0.0657734 0.0806687 0.0913580 0.0733665 0.0718058 0.0359192 0.0359192 0.0148271 0.0148271 0.0740778 0.0809017 0.2134223 0.2989392 0.0795790 0.0682725 0.0804348 0.0804348 0.0878529 0.1365399 0.1012443 0.1080957 0.0944969 0.1486191 0.0733036 0.1553924 0.0785773 0.0804348 0.1308806 0.0712582 0.0956326 0.1292730 0.0944969 0.0671228 0.1178599 0.0733036 0.1150508 0.0873978 0.0795790 0.0694625 0.0944969 0.0733036 
Cheracebus_lugens           0.0418982 0.0474920 0.0676296 0.0935318 0.0422895 0.0479429 0.0425147 0.0479429 0.0314409 0.0367200 0.0309537 0.0309537 0.0367200 0.0365760 0.0363856 0.0600947 0.0600947 0.0251582 0.0251582 0.0363856 0.0647691 0.0474920 0.0474920 0.0536810 0.0804348 0.0804348 0.0000000 0.0048100 0.0542047 0.0363856 0.0660736 0.0654143 0.0654143 0.0647691 0.0647691 0.0422895 0.0536810 0.0199806 0.0199806 0.0775133 0.0721427 0.0660736 0.0811066 0.1267100 0.0737207 0.0721427 0.0481998 0.0481998 0.0868895 0.0868895 0.0367200 0.0425147 0.1915648 0.3079523 0.0309537 0.0314409 0.0422895 0.0422895 0.0484030 0.1062178 0.0736571 0.0928987 0.0674372 0.1164360 0.0363856 0.1228416 0.0387571 0.0312334 0.1006423 0.0400629 0.0682079 0.1087106 0.0674372 0.0309537 0.0883137 0.0363856 0.0995089 0.0481998 0.0418982 0.0319438 0.0674372 0.0363856 
Cheracebus_torquatus        0.0360577 0.0415144 0.0608854 0.0843580 0.0363856 0.0418982 0.0365760 0.0418982 0.0257705 0.0309537 0.0253778 0.0253778 0.0309537 0.0308368 0.0306790 0.0536810 0.0536810 0.0198126 0.0198126 0.0306790 0.0583612 0.0415144 0.0415144 0.0474920 0.0733036 0.0733036 0.0048100 0.0000000 0.0479429 0.0306790 0.0595045 0.0589268 0.0589268 0.0583612 0.0583612 0.0363856 0.0474920 0.0147540 0.0147540 0.0688748 0.0654143 0.0595045 0.0733645 0.1093354 0.0668114 0.0654143 0.0421187 0.0421187 0.0795790 0.0795790 0.0309537 0.0365760 0.1805663 0.2819408 0.0253778 0.0257705 0.0363856 0.0363856 0.0422895 0.0984040 0.0667478 0.0854585 0.0606979 0.1080957 0.0306790 0.1143560 0.0326398 0.0256012 0.0928987 0.0326848 0.0613777 0.1006423 0.0606979 0.0253778 0.0808393 0.0306790 0.0918837 0.0421187 0.0360577 0.0261756 0.0606979 0.0306790 
Chiropotes_chiropotes       0.0415144 0.0470502 0.0669380 0.0832606 0.0418982 0.0474920 0.0421191 0.0474920 0.0311571 0.0363856 0.0306790 0.0306790 0.0363856 0.0362442 0.0360577 0.0047718 0.0047718 0.0470502 0.0470502 0.0360577 0.0641376 0.0470502 0.0470502 0.0531680 0.0795790 0.0795790 0.0542047 0.0479429 0.0000000 0.0360577 0.0654143 0.0647691 0.0647691 0.0641376 0.0641376 0.0096872 0.0146326 0.0415144 0.0415144 0.0680136 0.0714110 0.0654143 0.0801699 0.1068078 0.0729542 0.0714110 0.0477442 0.0477442 0.0859495 0.0859495 0.0484030 0.0545008 0.1888267 0.2740880 0.0536810 0.0429724 0.0542047 0.0542047 0.0606979 0.1050194 0.0728912 0.0918837 0.0667478 0.1150508 0.0479429 0.1006423 0.0511621 0.0542047 0.0995089 0.0471991 0.0675017 0.0873383 0.0667478 0.0422895 0.0873383 0.0479429 0.0984040 0.0604257 0.0536810 0.0436776 0.0667478 0.0479429 
Lagothrix_lagotricha        0.0145130 0.0194839 0.0361983 0.0515987 0.0146326 0.0196466 0.0147041 0.0196466 0.0048412 0.0096872 0.0047718 0.0047718 0.0096872 0.0096555 0.0096086 0.0415144 0.0415144 0.0301447 0.0301447 0.0096086 0.0348050 0.0194839 0.0194839 0.0247303 0.0472970 0.0472970 0.0363856 0.0306790 0.0360577 0.0000000 0.0249416 0.0351100 0.0351100 0.0348050 0.0348050 0.0251582 0.0357358 0.0249416 0.0249416 0.0248630 0.0301447 0.0249416 0.0334637 0.0305228 0.0307209 0.0301447 0.0197438 0.0197438 0.0529445 0.0529445 0.0309537 0.0365760 0.1600344 0.2359726 0.0360577 0.0257705 0.0363856 0.0363856 0.0422895 0.0836667 0.0422895 0.0595045 0.0367200 0.0924156 0.0306790 0.0984040 0.0326398 0.0363856 0.0783019 0.0326848 0.0371101 0.0854585 0.0367200 0.0253778 0.0547397 0.0306790 0.0774949 0.0421187 0.0360577 0.0261756 0.0367200 0.0306790 
Leontocebus_fuscicollis     0.0301447 0.0354200 0.0538584 0.0746586 0.0411381 0.0466171 0.0413508 0.0466171 0.0306060 0.0357358 0.0301447 0.0301447 0.0357358 0.0356001 0.0354200 0.0595045 0.0595045 0.0583612 0.0583612 0.0354200 0.0407690 0.0249416 0.0249416 0.0304094 0.0657734 0.0657734 0.0660736 0.0595045 0.0654143 0.0249416 0.0000000 0.0411381 0.0411381 0.0407690 0.0407690 0.0531680 0.0647691 0.0526655 0.0526655 0.0000010 0.0047718 0.0000010 0.0052656 0.0000010 0.0048560 0.0047718 0.0359192 0.0359192 0.0718058 0.0718058 0.0600947 0.0664398 0.2056796 0.2989392 0.0654143 0.0545612 0.0660736 0.0660736 0.0728912 0.1185363 0.0606979 0.0791278 0.0667478 0.1292730 0.0595045 0.1356975 0.0635777 0.0660736 0.1130257 0.0551488 0.0675017 0.1213671 0.0547397 0.0536810 0.0873383 0.0595045 0.1117301 0.0725462 0.0654143 0.0554706 0.0667478 0.0595045 
Leontopithecus_chrysomelas  0.0298839 0.0351100 0.0533432 0.0737356 0.0407690 0.0461924 0.0409776 0.0461924 0.0303380 0.0354200 0.0298839 0.0298839 0.0354200 0.0352869 0.0351100 0.0706954 0.0706954 0.0521732 0.0521732 0.0351100 0.0298839 0.0146326 0.0146326 0.0198126 0.0651208 0.0651208 0.0654143 0.0589268 0.0647691 0.0351100 0.0411381 0.0000000 0.0000010 0.0298839 0.0298839 0.0526655 0.0641376 0.0466171 0.0466171 0.0521306 0.0466171 0.0411381 0.0519407 0.0894241 0.0475476 0.0466171 0.0356001 0.0356001 0.0710820 0.0710820 0.0595045 0.0657731 0.2027162 0.2904815 0.0647691 0.0540307 0.0654143 0.0654143 0.0721427 0.1171768 0.0845520 0.1038512 0.0783019 0.1277101 0.0589268 0.1340431 0.0629140 0.0654143 0.1117301 0.0544718 0.0791894 0.1199325 0.0783019 0.0531680 0.0995089 0.0589268 0.1104680 0.0718058 0.0531680 0.0549220 0.0783019 0.0589268 
Leontopithecus_rosalia      0.0298839 0.0351100 0.0533432 0.0737356 0.0407690 0.0461924 0.0409776 0.0461924 0.0303380 0.0354200 0.0298839 0.0298839 0.0354200 0.0352869 0.0351100 0.0706954 0.0706954 0.0521732 0.0521732 0.0351100 0.0298839 0.0146326 0.0146326 0.0198126 0.0651208 0.0651208 0.0654143 0.0589268 0.0647691 0.0351100 0.0411381 0.0000010 0.0000000 0.0298839 0.0298839 0.0526655 0.0641376 0.0466171 0.0466171 0.0521306 0.0466171 0.0411381 0.0519407 0.0894241 0.0475476 0.0466171 0.0356001 0.0356001 0.0710820 0.0710820 0.0595045 0.0657731 0.2027162 0.2904815 0.0647691 0.0540307 0.0654143 0.0654143 0.0721427 0.1171768 0.0845520 0.1038512 0.0783019 0.1277101 0.0589268 0.1340431 0.0629140 0.0654143 0.1117301 0.0544718 0.0791894 0.1199325 0.0783019 0.0531680 0.0995089 0.0589268 0.1104680 0.0718058 0.0531680 0.0549220 0.0783019 0.0589268 
Mico_argentatus             0.0296290 0.0348050 0.0528384 0.0728368 0.0404068 0.0457759 0.0406115 0.0457759 0.0300748 0.0351100 0.0296290 0.0296290 0.0351100 0.0349785 0.0348050 0.0699954 0.0699954 0.0572645 0.0572645 0.0348050 0.0296290 0.0145130 0.0145130 0.0196466 0.0644822 0.0644822 0.0647691 0.0583612 0.0641376 0.0348050 0.0407690 0.0298839 0.0298839 0.0000000 0.0000010 0.0521732 0.0635195 0.0516907 0.0516907 0.0515295 0.0461924 0.0407690 0.0514091 0.0875800 0.0471050 0.0461924 0.0352869 0.0352869 0.0703740 0.0703740 0.0589268 0.0651207 0.1836150 0.2825334 0.0641376 0.0535113 0.0647691 0.0647691 0.0714110 0.1158523 0.0836667 0.1027121 0.0774949 0.1123911 0.0583612 0.1324346 0.0622652 0.0647691 0.1104680 0.0538125 0.0783631 0.1185363 0.0774949 0.0526655 0.0984040 0.0583612 0.1092379 0.0710820 0.0641376 0.0543843 0.0774949 0.0583612 
Mico_humeralifer            0.0296290 0.0348050 0.0528384 0.0728368 0.0404068 0.0457759 0.0406115 0.0457759 0.0300748 0.0351100 0.0296290 0.0296290 0.0351100 0.0349785 0.0348050 0.0699954 0.0699954 0.0572645 0.0572645 0.0348050 0.0296290 0.0145130 0.0145130 0.0196466 0.0644822 0.0644822 0.0647691 0.0583612 0.0641376 0.0348050 0.0407690 0.0298839 0.0298839 0.0000010 0.0000000 0.0521732 0.0635195 0.0516907 0.0516907 0.0515295 0.0461924 0.0407690 0.0514091 0.0875800 0.0471050 0.0461924 0.0352869 0.0352869 0.0703740 0.0703740 0.0589268 0.0651207 0.1836150 0.2825334 0.0641376 0.0535113 0.0647691 0.0647691 0.0714110 0.1158523 0.0836667 0.1027121 0.0774949 0.1123911 0.0583612 0.1324346 0.0622652 0.0647691 0.1104680 0.0538125 0.0783631 0.1185363 0.0774949 0.0526655 0.0984040 0.0583612 0.1092379 0.0710820 0.0641376 0.0543843 0.0774949 0.0583612 
Pithecia_irrorata           0.0304094 0.0357358 0.0543843 0.0672514 0.0306790 0.0360577 0.0308364 0.0360577 0.0202854 0.0253778 0.0199806 0.0199806 0.0253778 0.0252855 0.0251582 0.0146326 0.0146326 0.0357358 0.0357358 0.0251582 0.0521732 0.0357358 0.0357358 0.0415144 0.0664405 0.0664405 0.0422895 0.0363856 0.0096872 0.0251582 0.0531680 0.0526655 0.0526655 0.0521732 0.0521732 0.0000000 0.0095633 0.0304094 0.0304094 0.0527469 0.0589268 0.0531680 0.0659368 0.0786811 0.0601558 0.0589268 0.0362442 0.0362442 0.0725462 0.0725462 0.0367200 0.0425147 0.1700677 0.2359726 0.0418982 0.0314409 0.0422895 0.0422895 0.0484030 0.0908934 0.0600947 0.0783019 0.0542047 0.1000966 0.0363856 0.1062178 0.0387571 0.0422895 0.0854585 0.0326848 0.0548002 0.0928987 0.0542047 0.0309537 0.0736571 0.0363856 0.0845520 0.0481998 0.0418982 0.0319438 0.0542047 0.0363856 
Pithecia_pithecia           0.0411381 0.0466171 0.0662611 0.0821952 0.0415144 0.0470502 0.0417312 0.0470502 0.0308791 0.0360577 0.0304094 0.0304094 0.0360577 0.0359192 0.0357358 0.0196466 0.0196466 0.0466171 0.0466171 0.0357358 0.0635195 0.0466171 0.0466171 0.0526655 0.0787431 0.0787431 0.0536810 0.0474920 0.0146326 0.0357358 0.0647691 0.0641376 0.0641376 0.0635195 0.0635195 0.0095633 0.0000000 0.0411381 0.0411381 0.0671756 0.0706954 0.0647691 0.0792566 0.1044097 0.0722051 0.0706954 0.0472970 0.0472970 0.0850320 0.0850320 0.0479429 0.0539712 0.1861783 0.2667083 0.0531680 0.0425678 0.0536810 0.0536810 0.0600947 0.1038512 0.0721427 0.0908934 0.0660736 0.1137031 0.0474920 0.1062178 0.0506463 0.0536810 0.0984040 0.0466393 0.0668114 0.0928987 0.0660736 0.0418982 0.0863861 0.0474920 0.0973264 0.0598288 0.0531680 0.0432593 0.0660736 0.0474920 
Plecturocebus_bernhardi     0.0301447 0.0354200 0.0538584 0.0746586 0.0304094 0.0357358 0.0305635 0.0357358 0.0201114 0.0251582 0.0198126 0.0198126 0.0251582 0.0250675 0.0249416 0.0470502 0.0470502 0.0047718 0.0047718 0.0249416 0.0516907 0.0354200 0.0354200 0.0411381 0.0657734 0.0657734 0.0199806 0.0147540 0.0415144 0.0249416 0.0526655 0.0466171 0.0466171 0.0516907 0.0516907 0.0304094 0.0411381 0.0000000 0.0000010 0.0598969 0.0583612 0.0526655 0.0652213 0.0913580 0.0595650 0.0583612 0.0359192 0.0359192 0.0718058 0.0718058 0.0251582 0.0305635 0.1677911 0.2511873 0.0198126 0.0201115 0.0304094 0.0304094 0.0360577 0.0899267 0.0595045 0.0774949 0.0536810 0.0989778 0.0249416 0.1050194 0.0264915 0.0199806 0.0845520 0.0253355 0.0542646 0.0918837 0.0536810 0.0198126 0.0728912 0.0249416 0.0836667 0.0359192 0.0301447 0.0204196 0.0536810 0.0249416 
Plecturocebus_brunneus      0.0301447 0.0354200 0.0538584 0.0746586 0.0304094 0.0357358 0.0305635 0.0357358 0.0201114 0.0251582 0.0198126 0.0198126 0.0251582 0.0250675 0.0249416 0.0470502 0.0470502 0.0047718 0.0047718 0.0249416 0.0516907 0.0354200 0.0354200 0.0411381 0.0657734 0.0657734 0.0199806 0.0147540 0.0415144 0.0249416 0.0526655 0.0466171 0.0466171 0.0516907 0.0516907 0.0304094 0.0411381 0.0000010 0.0000000 0.0598969 0.0583612 0.0526655 0.0652213 0.0913580 0.0595650 0.0583612 0.0359192 0.0359192 0.0718058 0.0718058 0.0251582 0.0305635 0.1677911 0.2511873 0.0198126 0.0201115 0.0304094 0.0304094 0.0360577 0.0899267 0.0595045 0.0774949 0.0536810 0.0989778 0.0249416 0.1050194 0.0264915 0.0199806 0.0845520 0.0253355 0.0542646 0.0918837 0.0536810 0.0198126 0.0728912 0.0249416 0.0836667 0.0359192 0.0301447 0.0204196 0.0536810 0.0249416 
Saguinus_bicolor            0.0313568 0.0379650 0.0591834 0.0863596 0.0452002 0.0521306 0.0454941 0.0521306 0.0313568 0.0383911 0.0313568 0.0313568 0.0383911 0.0379650 0.0379650 0.0606294 0.0606294 0.0671756 0.0671756 0.0379650 0.0515295 0.0313568 0.0313568 0.0383911 0.0680136 0.0680136 0.0775133 0.0688748 0.0680136 0.0248630 0.0000010 0.0521306 0.0521306 0.0515295 0.0515295 0.0527469 0.0671756 0.0598969 0.0598969 0.0000000 0.0059325 0.0000010 0.0059917 0.0000010 0.0060278 0.0059325 0.0313568 0.0313568 0.0755327 0.0755327 0.0697605 0.0780656 0.2434100 0.3067565 0.0765088 0.0626678 0.0775133 0.0775133 0.0865783 0.1380623 0.0706717 0.0947651 0.0785476 0.1630032 0.0688748 0.1715445 0.0697605 0.0775133 0.1402290 0.0640056 0.0796921 0.1519938 0.0629493 0.0613817 0.1061430 0.0688748 0.1380623 0.0860288 0.0765088 0.0613817 0.0785476 0.0688748 
Oedipomidas_geoffroyi       0.0354200 0.0407690 0.0596876 0.0821952 0.0466171 0.0521732 0.0468598 0.0521732 0.0359659 0.0411381 0.0354200 0.0354200 0.0411381 0.0409778 0.0407690 0.0654143 0.0654143 0.0641376 0.0641376 0.0407690 0.0461924 0.0301447 0.0301447 0.0357358 0.0718058 0.0718058 0.0721427 0.0654143 0.0714110 0.0301447 0.0047718 0.0466171 0.0466171 0.0461924 0.0461924 0.0589268 0.0706954 0.0583612 0.0583612 0.0059325 0.0000000 0.0047718 0.0106126 0.0095630 0.0097821 0.0000010 0.0413505 0.0413505 0.0779266 0.0779266 0.0660736 0.0725462 0.2142702 0.3162697 0.0714110 0.0604875 0.0721427 0.0721427 0.0791278 0.1254378 0.0667478 0.0854585 0.0728912 0.1365399 0.0654143 0.1430165 0.0699345 0.0721427 0.1199325 0.0626679 0.0737207 0.1284809 0.0606979 0.0595045 0.0939386 0.0654143 0.1185363 0.0787431 0.0714110 0.0615043 0.0728912 0.0654143 
Tamarinus_imperator         0.0301447 0.0354200 0.0538584 0.0746586 0.0411381 0.0466171 0.0413508 0.0466171 0.0306060 0.0357358 0.0301447 0.0301447 0.0357358 0.0356001 0.0354200 0.0595045 0.0595045 0.0583612 0.0583612 0.0354200 0.0407690 0.0249416 0.0249416 0.0304094 0.0657734 0.0657734 0.0660736 0.0595045 0.0654143 0.0249416 0.0000010 0.0411381 0.0411381 0.0407690 0.0407690 0.0531680 0.0647691 0.0526655 0.0526655 0.0000010 0.0047718 0.0000000 0.0052656 0.0000010 0.0048560 0.0047718 0.0359192 0.0359192 0.0718058 0.0718058 0.0600947 0.0664398 0.2056796 0.2989392 0.0654143 0.0545612 0.0660736 0.0660736 0.0728912 0.1185363 0.0606979 0.0791278 0.0667478 0.1292730 0.0595045 0.1356975 0.0635777 0.0660736 0.1130257 0.0551488 0.0675017 0.1213671 0.0547397 0.0536810 0.0873383 0.0595045 0.1117301 0.0725462 0.0654143 0.0554706 0.0667478 0.0595045 
Tamarinus_labiatus          0.0393533 0.0453349 0.0645230 0.0951262 0.0519407 0.0581826 0.0522425 0.0581826 0.0400287 0.0457954 0.0393533 0.0393533 0.0457954 0.0455934 0.0453349 0.0733645 0.0733645 0.0717421 0.0717421 0.0453349 0.0514091 0.0334637 0.0334637 0.0397462 0.0806687 0.0806687 0.0811066 0.0733645 0.0801699 0.0334637 0.0052656 0.0519407 0.0519407 0.0514091 0.0514091 0.0659368 0.0792566 0.0652213 0.0652213 0.0059917 0.0106126 0.0052656 0.0000000 0.0000010 0.0108236 0.0106126 0.0460593 0.0460593 0.0876329 0.0876329 0.0742062 0.0816179 0.2485691 0.3259375 0.0801699 0.0679083 0.0811066 0.0811066 0.0891869 0.1344527 0.0750696 0.0964266 0.0820681 0.1559441 0.0733645 0.1633699 0.0742062 0.0811066 0.1362912 0.0727581 0.0831233 0.1464505 0.0681903 0.0666696 0.1064688 0.0733645 0.1344527 0.0886829 0.0801699 0.0666696 0.0820681 0.0733645 
Saguinus_martinsi           0.0523895 0.0637967 0.0894241 0.1301067 0.0650592 0.0770680 0.0657734 0.0770680 0.0413000 0.0533938 0.0413000 0.0413000 0.0533938 0.0523895 0.0523895 0.0933884 0.0933884 0.1044097 0.0913580 0.0523895 0.0875800 0.0523895 0.0523895 0.0650592 0.0913580 0.0913580 0.1267100 0.1093354 0.1068078 0.0305228 0.0000010 0.0894241 0.0894241 0.0875800 0.0875800 0.0786811 0.1044097 0.0913580 0.0913580 0.0000010 0.0095630 0.0000010 0.0000010 0.0000000 0.0098145 0.0095630 0.0523895 0.0523895 0.1044097 0.1044097 0.1120044 0.1283534 0.5175845 0.4351242 0.1093354 0.0991036 0.1267100 0.1267100 0.1267100 0.2505848 0.1148283 0.1619647 0.1300241 0.3155539 0.0955236 0.3105110 0.1120044 0.1267100 0.2590307 0.0955236 0.1317627 0.2681510 0.1001469 0.0955236 0.1717430 0.1093354 0.2505848 0.1283533 0.1093354 0.0955236 0.1300241 0.1093354 
Saguinus_midas              0.0361046 0.0415657 0.0609480 0.0844313 0.0475476 0.0532264 0.0478003 0.0532264 0.0366722 0.0419502 0.0361046 0.0361046 0.0419502 0.0417828 0.0415657 0.0668114 0.0668114 0.0654763 0.0654763 0.0415657 0.0471050 0.0307209 0.0307209 0.0364333 0.0733665 0.0733665 0.0737207 0.0668114 0.0729542 0.0307209 0.0048560 0.0475476 0.0475476 0.0471050 0.0471050 0.0601558 0.0722051 0.0595650 0.0595650 0.0060278 0.0097821 0.0048560 0.0108236 0.0098145 0.0000000 0.0097821 0.0421713 0.0421713 0.0796407 0.0796407 0.0675015 0.0741426 0.2205764 0.3347932 0.0729542 0.0617871 0.0737207 0.0737207 0.0809017 0.1284912 0.0682079 0.0873978 0.0745052 0.1400300 0.0668114 0.1466890 0.0715408 0.0737207 0.1228618 0.0643877 0.0753732 0.1317050 0.0620082 0.0607596 0.0961564 0.0668114 0.1213894 0.0804969 0.0729542 0.0628491 0.0745052 0.0668114 
Oedipomidas_oedipus         0.0354200 0.0407690 0.0596876 0.0821952 0.0466171 0.0521732 0.0468598 0.0521732 0.0359659 0.0411381 0.0354200 0.0354200 0.0411381 0.0409778 0.0407690 0.0654143 0.0654143 0.0641376 0.0641376 0.0407690 0.0461924 0.0301447 0.0301447 0.0357358 0.0718058 0.0718058 0.0721427 0.0654143 0.0714110 0.0301447 0.0047718 0.0466171 0.0466171 0.0461924 0.0461924 0.0589268 0.0706954 0.0583612 0.0583612 0.0059325 0.0000010 0.0047718 0.0106126 0.0095630 0.0097821 0.0000000 0.0413505 0.0413505 0.0779266 0.0779266 0.0660736 0.0725462 0.2142702 0.3162697 0.0714110 0.0604875 0.0721427 0.0721427 0.0791278 0.1254378 0.0667478 0.0854585 0.0728912 0.1365399 0.0654143 0.1430165 0.0699345 0.0721427 0.1199325 0.0626679 0.0737207 0.1284809 0.0606979 0.0595045 0.0939386 0.0654143 0.1185363 0.0787431 0.0714110 0.0615043 0.0728912 0.0654143 
Saimiri_boliviensis         0.0147037 0.0197438 0.0367204 0.0515987 0.0250675 0.0302969 0.0251939 0.0302969 0.0149238 0.0199113 0.0147037 0.0147037 0.0199113 0.0198417 0.0197438 0.0534525 0.0534525 0.0413505 0.0413505 0.0197438 0.0352869 0.0197438 0.0197438 0.0250675 0.0359192 0.0359192 0.0481998 0.0421187 0.0477442 0.0197438 0.0359192 0.0356001 0.0356001 0.0352869 0.0352869 0.0362442 0.0472970 0.0359192 0.0359192 0.0313568 0.0413505 0.0359192 0.0460593 0.0523895 0.0421713 0.0413505 0.0000000 0.0000010 0.0413505 0.0413505 0.0425147 0.0484602 0.1792473 0.2359726 0.0477442 0.0371593 0.0481998 0.0481998 0.0545008 0.0978869 0.0664405 0.0850320 0.0604257 0.1074894 0.0421187 0.1137031 0.0449060 0.0481998 0.0924156 0.0326848 0.0610980 0.1000966 0.0604257 0.0365760 0.0804348 0.0421187 0.0914131 0.0542647 0.0477442 0.0377616 0.0604257 0.0421187 
