109
Alouatta_belzebul           0.0000000 0.0162905 0.2722670 0.0171493 0.0892553 0.0920921 0.0890597 0.0923801 0.0922722 0.0951094 0.0937362 0.0441297 0.0551396 0.0452123 0.0436919 0.0566489 0.0467571 0.0536162 0.0568227 0.0598090 0.0602097 0.0574488 0.0590917 0.0604023 0.0788065 0.0728597 0.0754797 0.0769736 0.0754797 0.0758841 0.0623333 0.0608240 0.0619184 0.0709697 0.0725096 0.0694688 0.0740072 0.0740072 0.0506158 0.0722374 0.0731821 0.0793398 0.0727384 0.0727384 0.0708396 0.0738355 0.0539447 0.0566695 0.0593724 0.0592919 0.0564486 0.0593797 0.0578580 0.0563663 0.0607254 0.0608282 0.0593085 0.0764829 0.0839995 0.0810324 0.0881115 0.0808186 0.0790277 0.0870321 0.0795110 0.0809324 0.0790277 0.0856025 0.0780146 0.0743726 0.0650533 0.0649427 0.0606445 0.0782903 0.1094284 0.1171807 0.2715917 0.2492274 0.1143613 0.1147736 0.1145063 0.1239166 0.1067332 0.2816581 0.1132088 0.1187559 0.0952128 0.2726270 0.1078447 0.1066900 0.1095027 0.2850494 0.1269431 0.0872334 0.2888842 0.1209491 0.1096963 0.1217906 0.0972910 0.1274973 0.2841784 0.1217306 0.1269169 0.1304876 0.0925835 0.2655115 0.1147715 0.1275194 0.2780158 
Alouatta_caraya             0.0162905 0.0000000 0.2775058 0.0053720 0.0903163 0.0901365 0.0870299 0.0904257 0.0903173 0.0932287 0.0918185 0.0454127 0.0523046 0.0450516 0.0434901 0.0538455 0.0492412 0.0505869 0.0614247 0.0645196 0.0646219 0.0618747 0.0622431 0.0648286 0.0826509 0.0689228 0.0716172 0.0730317 0.0716172 0.0720104 0.0606220 0.0610622 0.0621850 0.0729940 0.0745820 0.0745746 0.0801716 0.0801716 0.0520473 0.0728126 0.0822718 0.0885393 0.0717456 0.0717456 0.0668884 0.0698400 0.0584494 0.0582770 0.0640342 0.0639444 0.0610078 0.0640420 0.0624626 0.0609162 0.0624570 0.0655402 0.0639630 0.0771758 0.0849059 0.0818547 0.0974091 0.0849064 0.0881886 0.0880253 0.0857033 0.0817509 0.0881886 0.0865557 0.0745850 0.0719980 0.0654067 0.0648425 0.0608771 0.0799091 0.1069852 0.1179305 0.2559501 0.2395995 0.1203285 0.1148958 0.1151256 0.1190556 0.1069776 0.2832611 0.1159122 0.1217324 0.0944920 0.2738190 0.1135021 0.1096007 0.1093971 0.2868518 0.1221800 0.0861826 0.2963963 0.1240203 0.1154219 0.1168319 0.0940419 0.1227348 0.2893921 0.1167721 0.1221535 0.1258246 0.0917533 0.2563181 0.1207835 0.1227557 0.2794277 
Alouatta_palliata           0.2722670 0.2775058 0.0000000 0.2715708 0.3132353 0.3193233 0.3144565 0.3208739 0.3203528 0.3216685 0.3198689 0.2903090 0.2961377 0.2889735 0.2861035 0.2966179 0.2881928 0.2955073 0.2993265 0.3047572 0.3094892 0.3016299 0.2946947 0.3083963 0.3109062 0.2829837 0.2858661 0.2858661 0.2858661 0.2861446 0.2810355 0.2710613 0.2784431 0.2980312 0.3055694 0.3055109 0.3329886 0.3329886 0.2891899 0.2902563 0.3455770 0.3524021 0.3015964 0.3015964 0.2851412 0.2901138 0.2899259 0.2910320 0.2883315 0.2832088 0.2866404 0.2893514 0.2854791 0.2860466 0.2899943 0.2878732 0.2878732 0.2891968 0.3036553 0.2984574 0.3608815 0.3013490 0.3443831 0.3064353 0.3475104 0.2961582 0.3443831 0.3065823 0.2999853 0.2817486 0.2869353 0.2929564 0.2818219 0.3539226 0.2024146 0.2121216 0.2683157 0.2456598 0.2012110 0.2050120 0.2087012 0.2100389 0.1989113 0.1275216 0.2100613 0.2237516 0.1817217 0.1171361 0.1964309 0.2019485 0.1923093 0.1010907 0.2040310 0.1773316 0.2651234 0.2196287 0.1958618 0.2078263 0.1867683 0.2113071 0.1355808 0.2040026 0.2102135 0.2151977 0.1844560 0.2687186 0.2020682 0.2177017 0.1299383 
Alouatta_sara               0.0171493 0.0053720 0.2715708 0.0000000 0.0889969 0.0888251 0.0858147 0.0891014 0.0889979 0.0918214 0.0904530 0.0468734 0.0535634 0.0465108 0.0449884 0.0550634 0.0466407 0.0549058 0.0595436 0.0625368 0.0646236 0.0618764 0.0617873 0.0648303 0.0815639 0.0697214 0.0723363 0.0738191 0.0723363 0.0727220 0.0592810 0.0577850 0.0588883 0.0707553 0.0722900 0.0722395 0.0758049 0.0758049 0.0519038 0.0720337 0.0760908 0.0822752 0.0725317 0.0725317 0.0677382 0.0707105 0.0566628 0.0565007 0.0620807 0.0619964 0.0591517 0.0620881 0.0605614 0.0590656 0.0634310 0.0635383 0.0620138 0.0762666 0.0837597 0.0808018 0.0910663 0.0837602 0.0819513 0.0867826 0.0824527 0.0807024 0.0819513 0.0853573 0.0777964 0.0727097 0.0648710 0.0647570 0.0604756 0.0780917 0.1094178 0.1171692 0.2675732 0.2454090 0.1194573 0.1142772 0.1144952 0.1182352 0.1067230 0.2774752 0.1152413 0.1207860 0.0948068 0.2684560 0.1129422 0.1117269 0.1090323 0.2807558 0.1212097 0.0868666 0.2828709 0.1229692 0.1147765 0.1161132 0.0943747 0.1217345 0.2866499 0.1160565 0.1211846 0.1246740 0.0921903 0.2615297 0.1198881 0.1217539 0.2739100 
Aotus_azarae                0.0892553 0.0903163 0.3132353 0.0889969 0.0000000 0.0130613 0.0104274 0.0104482 0.0104482 0.0104276 0.0143992 0.0795637 0.0865577 0.0806507 0.0804388 0.0881874 0.0808610 0.0879250 0.0821502 0.0820868 0.0808095 0.0860370 0.0812970 0.0810908 0.0910218 0.0925178 0.0951310 0.0966736 0.0951310 0.0941291 0.0741842 0.0741030 0.0751472 0.0937015 0.0953205 0.0940278 0.1067837 0.1067837 0.0861661 0.0857122 0.1138186 0.1204856 0.0845867 0.0845867 0.0902917 0.0933931 0.0821629 0.0849315 0.0874592 0.0905878 0.0846105 0.0847097 0.0890863 0.0844840 0.0890599 0.0922503 0.0906148 0.0885032 0.0961797 0.0871490 0.1200718 0.0931479 0.1231547 0.0992764 0.1239352 0.0900250 0.1231547 0.0978286 0.1012534 0.0956201 0.0813586 0.0815805 0.0768213 0.0931262 0.0998390 0.1075098 0.2437552 0.2256710 0.1097980 0.1046714 0.1048696 0.1110316 0.0971836 0.2478348 0.1055490 0.1110123 0.0853254 0.2453276 0.1007490 0.1021822 0.0994898 0.2570040 0.1139681 0.0775132 0.2717482 0.1132066 0.1026326 0.1088954 0.0849383 0.1144607 0.2630737 0.1088423 0.1113970 0.1173642 0.0827751 0.2411113 0.1076811 0.1196470 0.2447328 
Aotus_griseimembra          0.0920921 0.0901365 0.3193233 0.0888251 0.0130613 0.0000000 0.0025872 0.0078153 0.0078069 0.0104092 0.0064954 0.0824091 0.0893996 0.0834844 0.0832650 0.0910360 0.0837022 0.0907651 0.0834892 0.0834248 0.0822253 0.0874597 0.0826229 0.0825113 0.0923382 0.0893005 0.0919108 0.0934429 0.0919108 0.0908987 0.0769874 0.0754107 0.0779341 0.0965441 0.0981690 0.0953835 0.1088725 0.1088725 0.0859998 0.0855299 0.1138998 0.1205724 0.0844063 0.0844063 0.0871120 0.0901911 0.0835019 0.0862668 0.0887875 0.0919176 0.0859412 0.0860419 0.0904163 0.0858128 0.0903895 0.0935821 0.0919450 0.0883150 0.0959733 0.0869636 0.1201581 0.0929486 0.1232424 0.0990626 0.1240250 0.0898332 0.1232424 0.0976180 0.1027050 0.0969559 0.0826615 0.0829095 0.0781243 0.0947731 0.0994312 0.1070666 0.2363887 0.2186021 0.1093453 0.1042425 0.1044389 0.1105685 0.0967883 0.2497618 0.1051126 0.1105493 0.0849807 0.2440740 0.1003335 0.1017644 0.0990849 0.2556697 0.1134900 0.0772045 0.2636271 0.1127348 0.1022111 0.1084405 0.0845969 0.1139784 0.2552825 0.1083880 0.1134662 0.1168669 0.0824420 0.2399298 0.1072365 0.1191401 0.2466450 
Aotus_lemurinus             0.0890597 0.0870299 0.3144565 0.0858147 0.0104274 0.0025872 0.0000000 0.0051995 0.0051939 0.0077898 0.0038892 0.0793893 0.0863679 0.0804746 0.0802636 0.0879934 0.0806840 0.0877323 0.0819706 0.0819075 0.0806229 0.0858364 0.0811211 0.0809029 0.0923341 0.0892964 0.0919066 0.0934387 0.0919066 0.0908946 0.0740242 0.0739433 0.0749860 0.0950040 0.0966235 0.0938173 0.1066233 0.1066233 0.0829953 0.0855260 0.1170401 0.1237467 0.0844025 0.0844025 0.0871081 0.0901871 0.0819832 0.0847458 0.0872685 0.0903895 0.0844262 0.0845250 0.0888915 0.0843002 0.0888652 0.0920477 0.0904163 0.0883110 0.0959690 0.0869597 0.1233209 0.0929445 0.1264159 0.0990582 0.1272189 0.0898291 0.1264159 0.0976137 0.0993502 0.0938937 0.0811825 0.0814003 0.0766558 0.0928731 0.0969646 0.1045721 0.2394792 0.2216010 0.1068486 0.1017644 0.1019556 0.1080421 0.0943343 0.2465711 0.1026117 0.1080223 0.0825527 0.2408597 0.0978428 0.0992939 0.0966279 0.2523938 0.1109464 0.0748160 0.2603113 0.1102085 0.0997288 0.1059120 0.0821805 0.1114230 0.2585133 0.1058607 0.1109230 0.1142950 0.0800250 0.2368505 0.1047376 0.1165673 0.2435025 
Aotus_nancymaae             0.0923801 0.0904257 0.3208739 0.0891014 0.0104482 0.0078153 0.0051995 0.0000000 0.0000010 0.0091271 0.0091380 0.0826673 0.0896795 0.0837451 0.0835242 0.0913219 0.0839642 0.0910492 0.0852521 0.0851860 0.0840826 0.0893559 0.0843639 0.0843763 0.0941647 0.0926273 0.0952434 0.0967880 0.0952434 0.0942408 0.0772250 0.0771401 0.0781732 0.0983664 0.1000018 0.0972337 0.1113973 0.1113973 0.0862673 0.0888000 0.1239587 0.1307719 0.0876818 0.0876818 0.0903977 0.0935030 0.0852649 0.0880397 0.0905646 0.0937136 0.0877062 0.0878094 0.0922045 0.0875746 0.0921770 0.0953899 0.0937417 0.0915991 0.0993207 0.0902426 0.1303200 0.0962726 0.1334492 0.1024355 0.1343038 0.0931296 0.1334492 0.1009823 0.1030582 0.0972612 0.0844284 0.0847136 0.0798639 0.0970183 0.0997967 0.1074634 0.2436189 0.2255491 0.1097506 0.1046267 0.1048247 0.1109831 0.0971427 0.2508875 0.1055035 0.1109638 0.0852900 0.2451845 0.1007058 0.1021387 0.0994478 0.2568506 0.1139179 0.0774817 0.2648564 0.1131571 0.1025887 0.1088478 0.0849033 0.1144100 0.2629193 0.1087948 0.1138939 0.1173119 0.0827409 0.2409766 0.1076347 0.1195935 0.2477408 
Aotus_nigriceps             0.0922722 0.0903173 0.3203528 0.0889979 0.0104482 0.0078069 0.0051939 0.0000010 0.0000000 0.0091174 0.0091281 0.0825705 0.0895746 0.0836474 0.0834271 0.0912148 0.0838660 0.0909428 0.0851526 0.0850866 0.0839788 0.0892447 0.0842664 0.0842719 0.0940542 0.0925189 0.0951321 0.0966748 0.0951321 0.0941302 0.0771359 0.0770513 0.0780835 0.0982512 0.0998844 0.0971177 0.1113973 0.1113973 0.0861671 0.0886971 0.1239587 0.1307719 0.0875799 0.0875799 0.0902927 0.0933942 0.0851654 0.0879370 0.0904593 0.0936043 0.0876043 0.0877072 0.0920970 0.0874730 0.0920696 0.0952783 0.0936323 0.0914930 0.0992049 0.0901380 0.1303200 0.0961606 0.1334492 0.1023157 0.1343038 0.0930216 0.1334492 0.1008642 0.1029260 0.0971469 0.0843308 0.0846136 0.0797720 0.0968777 0.0996063 0.1072571 0.2430826 0.2250627 0.1095399 0.1044268 0.1046240 0.1107677 0.0969580 0.2503176 0.1053002 0.1107484 0.0851284 0.2446218 0.1005120 0.1019438 0.0992588 0.2562534 0.1136957 0.0773367 0.2642355 0.1129377 0.1023921 0.1086361 0.0847432 0.1141859 0.2623202 0.1085833 0.1136718 0.1170809 0.0825847 0.2404458 0.1074276 0.1193583 0.2471858 
Aotus_trivirgatus           0.0951094 0.0932287 0.3216685 0.0918214 0.0104276 0.0104092 0.0077898 0.0091271 0.0091174 0.0000000 0.0117361 0.0854170 0.0924170 0.0864819 0.0862543 0.0940640 0.0867081 0.0937833 0.0879897 0.0879215 0.0869764 0.0922679 0.0870741 0.0872801 0.0953848 0.0953640 0.0979700 0.0995161 0.0979700 0.0969809 0.0799404 0.0798527 0.0808716 0.1010964 0.1027354 0.1000141 0.1132954 0.1132954 0.0919978 0.0915109 0.1265741 0.1333861 0.0904037 0.0904037 0.0931128 0.0962224 0.0864996 0.0907719 0.0932842 0.0964384 0.0904285 0.0905348 0.0949287 0.0902930 0.0949003 0.0981201 0.0964673 0.0943061 0.1020364 0.0929530 0.1329262 0.0989863 0.1360492 0.1051545 0.1369174 0.0958382 0.1360492 0.1037024 0.1060407 0.1000015 0.0871409 0.0859625 0.0825705 0.1003960 0.1019487 0.1096160 0.2457894 0.2277161 0.1118980 0.1067738 0.1069757 0.1131523 0.0992918 0.2531098 0.1076678 0.1131337 0.0874525 0.2409787 0.1028762 0.1042868 0.1015925 0.2525215 0.1160927 0.0796328 0.2704800 0.1153194 0.1047458 0.1110256 0.0870567 0.1165935 0.2651197 0.1109716 0.1160685 0.1195002 0.0849016 0.2431547 0.1097905 0.1217754 0.2499402 
Aotus_vociferans            0.0937362 0.0918185 0.3198689 0.0904530 0.0143992 0.0064954 0.0038892 0.0091380 0.0091281 0.0117361 0.0000000 0.0840341 0.0910398 0.0851054 0.0848812 0.0926844 0.0853280 0.0924078 0.0850850 0.0850191 0.0839084 0.0891693 0.0842002 0.0842010 0.0955002 0.0924453 0.0950566 0.0965980 0.0950566 0.0940552 0.0770753 0.0769908 0.0780226 0.0981731 0.0998048 0.0970391 0.1090501 0.1090501 0.0876211 0.0886273 0.1205598 0.1273248 0.0875107 0.0875107 0.0902215 0.0933203 0.0850978 0.0878673 0.0903879 0.0935301 0.0875350 0.0876378 0.0920241 0.0874040 0.0919967 0.0952026 0.0935580 0.0914211 0.0991264 0.0900671 0.1268848 0.0960847 0.1299997 0.1022346 0.1308295 0.0929483 0.1299997 0.1007842 0.1028364 0.0970694 0.0842644 0.0845457 0.0797095 0.0967824 0.0994379 0.1070739 0.2425803 0.2246101 0.1093528 0.1042495 0.1044460 0.1105762 0.0967949 0.2497826 0.1051198 0.1105569 0.0849864 0.2440945 0.1003404 0.1017713 0.0990916 0.2556915 0.1134979 0.0772096 0.2636498 0.1127426 0.1022180 0.1084481 0.0846025 0.1139864 0.2617554 0.1083955 0.1134741 0.1168751 0.0824476 0.2399491 0.1072439 0.1191485 0.2466652 
Ateles_belzebuth            0.0441297 0.0454127 0.2903090 0.0468734 0.0795637 0.0824091 0.0793893 0.0826673 0.0825705 0.0854170 0.0840341 0.0000000 0.0105890 0.0013158 0.0013142 0.0119391 0.0201982 0.0296714 0.0488125 0.0517887 0.0547691 0.0550517 0.0540476 0.0549449 0.0708085 0.0619025 0.0645606 0.0660471 0.0645606 0.0631985 0.0558210 0.0543135 0.0554468 0.0689043 0.0704563 0.0598703 0.0682529 0.0682529 0.0227527 0.0628461 0.0739400 0.0801680 0.0632679 0.0632679 0.0614417 0.0644259 0.0459323 0.0486805 0.0586669 0.0585864 0.0528117 0.0557598 0.0571365 0.0527339 0.0571314 0.0601388 0.0586030 0.0656257 0.0731005 0.0701436 0.0859441 0.0731009 0.0768029 0.0761167 0.0742701 0.0700565 0.0768029 0.0746841 0.0723902 0.0678845 0.0600210 0.0612004 0.0555960 0.0808798 0.0886950 0.0988429 0.2476753 0.2257766 0.1011517 0.0935345 0.0962095 0.1048463 0.0885326 0.2578514 0.0972010 0.1026642 0.0790383 0.2560037 0.0945181 0.0935017 0.0883850 0.2641562 0.1052017 0.0712364 0.2722194 0.1048961 0.0964462 0.1026781 0.0790376 0.1082461 0.2704432 0.1026276 0.1077537 0.1111460 0.0715909 0.2455271 0.1015155 0.1134551 0.2545198 
Ateles_chamek               0.0551396 0.0523046 0.2961377 0.0535634 0.0865577 0.0893996 0.0863679 0.0896795 0.0895746 0.0924170 0.0910398 0.0105890 0.0000000 0.0078614 0.0091697 0.0013003 0.0268314 0.0362800 0.0555726 0.0570964 0.0650135 0.0653482 0.0636422 0.0652227 0.0805918 0.0701443 0.0727743 0.0742668 0.0727743 0.0715322 0.0640127 0.0624929 0.0635846 0.0756421 0.0772021 0.0682228 0.0783822 0.0783822 0.0320697 0.0739683 0.0855419 0.0918649 0.0744840 0.0744840 0.0696225 0.0726224 0.0555824 0.0554225 0.0683297 0.0682357 0.0624354 0.0654074 0.0667791 0.0623436 0.0667732 0.0698112 0.0682552 0.0782357 0.0858003 0.0828151 0.1007929 0.0858007 0.0914993 0.0888522 0.0890148 0.0827124 0.0914993 0.0874152 0.0847871 0.0791434 0.0667443 0.0681551 0.0623078 0.0899011 0.0900120 0.0975734 0.2512275 0.2294061 0.0998534 0.0947997 0.0949771 0.1034838 0.0874059 0.2606650 0.1009934 0.1064328 0.0829210 0.2588800 0.0932987 0.0923084 0.0897006 0.2669687 0.1063698 0.0751453 0.2679849 0.1086379 0.0952072 0.1013407 0.0829211 0.1068262 0.2731325 0.1012917 0.1063471 0.1096823 0.0755162 0.2452023 0.1002078 0.1119628 0.2573294 
Ateles_fusciceps            0.0452123 0.0450516 0.2889735 0.0465108 0.0806507 0.0834844 0.0804746 0.0837451 0.0836474 0.0864819 0.0851054 0.0013158 0.0078614 0.0000000 0.0000025 0.0091916 0.0186928 0.0280838 0.0484303 0.0513818 0.0543143 0.0545922 0.0536270 0.0544872 0.0717465 0.0614196 0.0640573 0.0655315 0.0640573 0.0628023 0.0553884 0.0538935 0.0550200 0.0683599 0.0698985 0.0608646 0.0679382 0.0679382 0.0225821 0.0638033 0.0707117 0.0768837 0.0642434 0.0642434 0.0609651 0.0639246 0.0455735 0.0483004 0.0582067 0.0581274 0.0523998 0.0553235 0.0566893 0.0523229 0.0566842 0.0596664 0.0581437 0.0680332 0.0754816 0.0725365 0.0856917 0.0754820 0.0765796 0.0784869 0.0740533 0.0724471 0.0765796 0.0770619 0.0734932 0.0688174 0.0581127 0.0593348 0.0537343 0.0805286 0.0924737 0.1000637 0.2510833 0.2292797 0.1023461 0.0972734 0.0974560 0.1060143 0.0898549 0.2605102 0.0984495 0.1038599 0.0804620 0.2587241 0.0957923 0.0947732 0.0921529 0.2668055 0.1089177 0.0727293 0.2747930 0.1060647 0.0976925 0.1038731 0.0804619 0.1093859 0.2729682 0.1038227 0.1088946 0.1122587 0.0730874 0.2450625 0.1027103 0.1145404 0.2571791 
Ateles_hybridus             0.0436919 0.0434901 0.2861035 0.0449884 0.0804388 0.0832650 0.0802636 0.0835242 0.0834271 0.0862543 0.0848812 0.0013142 0.0091697 0.0000025 0.0000000 0.0105025 0.0186466 0.0280142 0.0468835 0.0498191 0.0526516 0.0529205 0.0520721 0.0528196 0.0715592 0.0612605 0.0638918 0.0653620 0.0638918 0.0626400 0.0552464 0.0537557 0.0548798 0.0667309 0.0682607 0.0592382 0.0656104 0.0656104 0.0211830 0.0621990 0.0674047 0.0735107 0.0626267 0.0626267 0.0608085 0.0637599 0.0440397 0.0467583 0.0566236 0.0565469 0.0508441 0.0537531 0.0551152 0.0507705 0.0551103 0.0580763 0.0565627 0.0664132 0.0738246 0.0708933 0.0822460 0.0738251 0.0732218 0.0768150 0.0706997 0.0708062 0.0732218 0.0753954 0.0716859 0.0671759 0.0579637 0.0591795 0.0535971 0.0804122 0.0924737 0.1000637 0.2510833 0.2292797 0.1023461 0.0972734 0.0974560 0.1060143 0.0898549 0.2605102 0.0984495 0.1038599 0.0804620 0.2587241 0.0957923 0.0947732 0.0921529 0.2668055 0.1089177 0.0727293 0.2747930 0.1060647 0.0976925 0.1038731 0.0804619 0.1093859 0.2729682 0.1038227 0.1088946 0.1122587 0.0730874 0.2450625 0.1027103 0.1145404 0.2571791 
Ateles_paniscus             0.0566489 0.0538455 0.2966179 0.0550634 0.0881874 0.0910360 0.0879934 0.0913219 0.0912148 0.0940640 0.0926844 0.0119391 0.0013003 0.0091916 0.0105025 0.0000000 0.0282360 0.0377082 0.0570948 0.0586258 0.0666560 0.0670001 0.0651768 0.0668710 0.0822012 0.0717161 0.0743486 0.0758467 0.0743486 0.0731070 0.0655572 0.0640307 0.0651178 0.0772245 0.0787915 0.0698107 0.0806641 0.0806641 0.0334805 0.0755408 0.0888179 0.0951941 0.0760690 0.0760690 0.0711813 0.0741930 0.0571048 0.0569401 0.0698877 0.0697912 0.0639715 0.0669552 0.0683297 0.0638773 0.0683237 0.0713746 0.0698112 0.0798200 0.0874135 0.0844178 0.1041766 0.0874139 0.0948135 0.0904772 0.0923310 0.0843129 0.0948135 0.0890362 0.0865528 0.0807484 0.0682943 0.0697413 0.0638407 0.0919362 0.0900120 0.0975734 0.2512275 0.2294061 0.0998534 0.0947997 0.0949771 0.1034838 0.0874059 0.2606650 0.1009934 0.1064328 0.0829210 0.2588800 0.0932987 0.0923084 0.0897006 0.2669687 0.1063698 0.0751453 0.2679849 0.1086379 0.0952072 0.1013407 0.0829211 0.1068262 0.2731325 0.1012917 0.1063471 0.1096823 0.0755162 0.2452023 0.1002078 0.1119628 0.2573294 
Brachyteles_arachnoides     0.0467571 0.0492412 0.2881928 0.0466407 0.0808610 0.0837022 0.0806840 0.0839642 0.0838660 0.0867081 0.0853280 0.0201982 0.0268314 0.0186928 0.0186466 0.0282360 0.0000000 0.0131906 0.0528844 0.0558690 0.0571482 0.0559101 0.0566433 0.0573305 0.0660152 0.0586509 0.0612965 0.0627678 0.0612965 0.0631035 0.0509468 0.0497293 0.0508746 0.0700217 0.0715696 0.0654944 0.0718821 0.0718821 0.0226382 0.0625306 0.0671883 0.0732735 0.0615070 0.0615070 0.0582170 0.0611697 0.0471319 0.0498680 0.0598187 0.0597369 0.0539814 0.0569210 0.0582918 0.0539023 0.0611818 0.0612861 0.0597538 0.0638482 0.0712665 0.0712737 0.0819802 0.0742222 0.0670830 0.0742599 0.0674899 0.0711856 0.0670830 0.0711885 0.0748068 0.0704921 0.0553777 0.0562406 0.0510081 0.0858522 0.1010672 0.1088411 0.2578407 0.2355411 0.1111570 0.1059613 0.1061645 0.1124215 0.0983750 0.2675902 0.1072679 0.1128337 0.0888080 0.2727214 0.1045356 0.1008893 0.1007091 0.2810960 0.1180001 0.0808526 0.2858515 0.1150610 0.1064277 0.1128440 0.0888092 0.1185178 0.2802789 0.1127882 0.1179752 0.1214822 0.0812578 0.2517125 0.1115606 0.1237932 0.2641053 
Brachyteles_hypoxanthus     0.0536162 0.0505869 0.2955073 0.0549058 0.0879250 0.0907651 0.0877323 0.0910492 0.0909428 0.0937833 0.0924078 0.0296714 0.0362800 0.0280838 0.0280142 0.0377082 0.0131906 0.0000000 0.0569294 0.0599219 0.0554983 0.0542575 0.0606503 0.0556748 0.0774512 0.0685527 0.0711793 0.0726657 0.0711793 0.0730550 0.0594170 0.0609382 0.0620342 0.0740529 0.0756056 0.0696033 0.0717991 0.0717991 0.0320101 0.0723748 0.0699861 0.0760891 0.0728776 0.0728776 0.0680442 0.0710313 0.0511739 0.0539008 0.0638464 0.0637591 0.0580019 0.0609469 0.0623135 0.0579171 0.0652043 0.0653154 0.0637771 0.0736836 0.0811803 0.0811881 0.0848030 0.0841620 0.0698764 0.0842049 0.0703000 0.0810877 0.0698764 0.0810910 0.0778378 0.0804929 0.0651760 0.0619639 0.0607580 0.0856139 0.1129585 0.1208212 0.2655273 0.2494038 0.1231333 0.1178784 0.1181063 0.1245360 0.1102210 0.2822529 0.1193396 0.1249997 0.1006167 0.2840207 0.1165618 0.1127576 0.1125553 0.2926749 0.1302026 0.0925148 0.3081486 0.1272096 0.1183995 0.1250051 0.1006197 0.1307749 0.2950152 0.1249430 0.1301758 0.1338022 0.0929796 0.2659023 0.1235830 0.1361031 0.2785541 
Cacajao_calvus              0.0568227 0.0614247 0.2993265 0.0595436 0.0821502 0.0834892 0.0819706 0.0852521 0.0851526 0.0879897 0.0850850 0.0488125 0.0555726 0.0484303 0.0468835 0.0570948 0.0528844 0.0569294 0.0000000 0.0026182 0.0404572 0.0391685 0.0392126 0.0405844 0.0730450 0.0745023 0.0771265 0.0786271 0.0771265 0.0775410 0.0581277 0.0566283 0.0563131 0.0506502 0.0521240 0.0187744 0.0207183 0.0207183 0.0567563 0.0636504 0.0617610 0.0678256 0.0655445 0.0655445 0.0680832 0.0710716 0.0159184 0.0185585 0.0422088 0.0421527 0.0365819 0.0394079 0.0407546 0.0365296 0.0435512 0.0436233 0.0421642 0.0678699 0.0752981 0.0694290 0.0765374 0.0723543 0.0735054 0.0782952 0.0739561 0.0693438 0.0735054 0.0768739 0.0782161 0.0730630 0.0594086 0.0606561 0.0550317 0.0691113 0.0918176 0.0993480 0.2489120 0.2273476 0.1016141 0.0965814 0.0967613 0.1027354 0.0892199 0.2612916 0.0998575 0.1052257 0.0847688 0.2549001 0.0951049 0.0941006 0.0915015 0.2628206 0.1055962 0.0770148 0.2904181 0.1074070 0.0969954 0.1001831 0.0795693 0.1060469 0.2657135 0.1005582 0.1055738 0.1088770 0.0822374 0.2429287 0.1019729 0.1111412 0.2579768 
Cacajao_melanocephalus      0.0598090 0.0645196 0.3047572 0.0625368 0.0820868 0.0834248 0.0819075 0.0851860 0.0850866 0.0879215 0.0850191 0.0517887 0.0570964 0.0513818 0.0498191 0.0586258 0.0558690 0.0599219 0.0026182 0.0000000 0.0435090 0.0422281 0.0420637 0.0436463 0.0729892 0.0744454 0.0770676 0.0785670 0.0770676 0.0774814 0.0580841 0.0565859 0.0562713 0.0535775 0.0550624 0.0215310 0.0246047 0.0246047 0.0597388 0.0636026 0.0616671 0.0677216 0.0654949 0.0654949 0.0680318 0.0710178 0.0186352 0.0212826 0.0450905 0.0450303 0.0394296 0.0408717 0.0436246 0.0393730 0.0464363 0.0465135 0.0450426 0.0678188 0.0752410 0.0693766 0.0764195 0.0722995 0.0733926 0.0782356 0.0738417 0.0692915 0.0733926 0.0768154 0.0781508 0.0730071 0.0593641 0.0606097 0.0549907 0.0728915 0.0944822 0.1020597 0.2483578 0.2268557 0.1043334 0.0992692 0.0994551 0.1029795 0.0918652 0.2606914 0.1025858 0.1079946 0.0874006 0.2543111 0.0978111 0.0967734 0.0941551 0.2622068 0.1058485 0.0795866 0.2904181 0.1101802 0.0996967 0.1004205 0.0821606 0.1063014 0.2651055 0.1007974 0.1058261 0.1091397 0.0848516 0.2423897 0.1047037 0.1114093 0.2573928 
Callicebus_barbarabrownae   0.0602097 0.0646219 0.3094892 0.0646236 0.0808095 0.0822253 0.0806229 0.0840826 0.0839788 0.0869764 0.0839084 0.0547691 0.0650135 0.0543143 0.0526516 0.0666560 0.0571482 0.0554983 0.0404572 0.0435090 0.0000000 0.0041884 0.0013847 0.0055800 0.0742446 0.0758675 0.0802083 0.0818017 0.0802083 0.0774952 0.0520360 0.0523424 0.0520360 0.0269936 0.0284737 0.0471250 0.0583988 0.0583988 0.0570215 0.0613268 0.0492928 0.0522724 0.0631464 0.0631464 0.0752491 0.0768873 0.0389700 0.0388611 0.0183659 0.0183409 0.0140697 0.0155099 0.0169133 0.0140481 0.0169087 0.0198036 0.0183459 0.0627121 0.0704989 0.0642406 0.0578122 0.0674097 0.0606625 0.0736424 0.0610253 0.0642570 0.0606625 0.0721467 0.0741641 0.0743503 0.0567786 0.0561726 0.0521796 0.0572549 0.1110996 0.1227818 0.2481059 0.2311127 0.1253282 0.1195302 0.1197849 0.1240278 0.1110912 0.3005625 0.1118883 0.1179999 0.1033419 0.2992237 0.1152741 0.1108027 0.1136607 0.3046340 0.1273801 0.0970895 0.3246645 0.1232493 0.1173020 0.1210926 0.1000549 0.1279954 0.3071338 0.1216075 0.1273511 0.1313137 0.1004286 0.2449858 0.1230020 0.1338493 0.2925022 
Callicebus_melanochir       0.0574488 0.0618747 0.3016299 0.0618764 0.0860370 0.0874597 0.0858364 0.0893559 0.0892447 0.0922679 0.0891693 0.0550517 0.0653482 0.0545922 0.0529205 0.0670001 0.0559101 0.0542575 0.0391685 0.0422281 0.0041884 0.0000000 0.0027855 0.0070160 0.0730626 0.0745712 0.0790511 0.0806498 0.0790511 0.0778990 0.0507937 0.0510950 0.0507937 0.0256738 0.0271570 0.0457641 0.0567568 0.0567568 0.0588432 0.0601110 0.0499091 0.0529288 0.0588476 0.0588476 0.0740790 0.0757215 0.0376766 0.0375709 0.0170195 0.0169962 0.0127120 0.0155850 0.0155647 0.0126926 0.0184299 0.0184613 0.0170009 0.0645779 0.0724283 0.0661182 0.0585387 0.0693148 0.0614262 0.0755976 0.0617993 0.0661353 0.0614262 0.0740916 0.0729593 0.0731672 0.0555469 0.0549192 0.0509346 0.0573897 0.1092466 0.1209886 0.2470547 0.2299501 0.1235538 0.1177246 0.1179769 0.1190334 0.1092382 0.2998991 0.1100269 0.1161660 0.0986598 0.2975130 0.1162613 0.1089528 0.1118258 0.3039902 0.1223659 0.0924281 0.3270631 0.1214521 0.1183013 0.1161037 0.0981402 0.1229583 0.3054936 0.1165979 0.1223377 0.1262578 0.0985093 0.2439095 0.1240545 0.1288056 0.2917823 
Callicebus_coimbrai         0.0590917 0.0622431 0.2946947 0.0617873 0.0812970 0.0826229 0.0811211 0.0843639 0.0842664 0.0870741 0.0842002 0.0540476 0.0636422 0.0536270 0.0520721 0.0651768 0.0566433 0.0606503 0.0392126 0.0420637 0.0013847 0.0027855 0.0000000 0.0041748 0.0706451 0.0722569 0.0763181 0.0778019 0.0763181 0.0752570 0.0546718 0.0531979 0.0529056 0.0265834 0.0279671 0.0468439 0.0563809 0.0563809 0.0576070 0.0615626 0.0492928 0.0522724 0.0648615 0.0648615 0.0717070 0.0746832 0.0378220 0.0377230 0.0185109 0.0184873 0.0131584 0.0158360 0.0171510 0.0131408 0.0198250 0.0198565 0.0184920 0.0657323 0.0730616 0.0672685 0.0578122 0.0701560 0.0606625 0.0760185 0.0610253 0.0671868 0.0606625 0.0746141 0.0756565 0.0737774 0.0573609 0.0571023 0.0530426 0.0574797 0.1066507 0.1143523 0.2507688 0.2353430 0.1166327 0.1114858 0.1116972 0.1153885 0.1039764 0.2764617 0.1098953 0.1153705 0.0995051 0.2749214 0.1101307 0.1089514 0.1062770 0.2795358 0.1183366 0.0915061 0.3063561 0.1175500 0.1119706 0.1127867 0.0941399 0.1188467 0.2855994 0.1132141 0.1183120 0.1217604 0.0969051 0.2479516 0.1170511 0.1240304 0.2729240 
Callicebus_personatus       0.0604023 0.0648286 0.3083963 0.0648303 0.0810908 0.0825113 0.0809029 0.0843763 0.0842719 0.0872801 0.0842010 0.0549449 0.0652227 0.0544872 0.0528196 0.0668710 0.0573305 0.0556748 0.0405844 0.0436463 0.0055800 0.0070160 0.0041748 0.0000000 0.0713570 0.0729763 0.0773271 0.0789186 0.0773271 0.0746011 0.0491996 0.0494896 0.0491996 0.0299878 0.0314817 0.0472761 0.0586759 0.0586759 0.0572030 0.0583801 0.0467691 0.0526143 0.0602774 0.0602774 0.0723813 0.0740152 0.0390924 0.0389828 0.0212996 0.0212704 0.0169689 0.0198584 0.0198329 0.0169440 0.0227096 0.0198612 0.0212763 0.0629242 0.0707394 0.0644582 0.0553150 0.0676390 0.0581746 0.0723472 0.0585241 0.0644747 0.0581746 0.0723935 0.0759280 0.0746073 0.0539270 0.0548121 0.0493353 0.0612172 0.1060952 0.1177408 0.2425906 0.2223243 0.1202944 0.1145113 0.1147551 0.1189377 0.1060871 0.2910505 0.1068482 0.1129302 0.0983257 0.2934014 0.1130228 0.1058117 0.1086621 0.2938871 0.1222674 0.0921187 0.3175891 0.1181888 0.1150697 0.1160103 0.0950679 0.1228595 0.2976224 0.1165041 0.1222392 0.1261557 0.0954239 0.2394644 0.1207789 0.1287015 0.2831556 
Callimico_goeldii           0.0788065 0.0826509 0.3109062 0.0815639 0.0910218 0.0923382 0.0923341 0.0941647 0.0940542 0.0953848 0.0955002 0.0708085 0.0805918 0.0717465 0.0715592 0.0822012 0.0660152 0.0774512 0.0730450 0.0729892 0.0742446 0.0730626 0.0706451 0.0713570 0.0000000 0.0395141 0.0407446 0.0421540 0.0407446 0.0452531 0.0521942 0.0507012 0.0532619 0.0797868 0.0813539 0.0831543 0.0844276 0.0844276 0.0713141 0.0406037 0.0465600 0.0523781 0.0493357 0.0493357 0.0392293 0.0420559 0.0686210 0.0713685 0.0724655 0.0723657 0.0694765 0.0710122 0.0709064 0.0693744 0.0738242 0.0739510 0.0723864 0.0503298 0.0546653 0.0461770 0.0550673 0.0489916 0.0579139 0.0561105 0.0582607 0.0461214 0.0579139 0.0561620 0.0778156 0.0757631 0.0562929 0.0516365 0.0519557 0.0951523 0.1212620 0.1292605 0.2840108 0.2608836 0.1263944 0.1262456 0.1264932 0.1299094 0.1184673 0.2708459 0.1300234 0.1358097 0.1139544 0.2690509 0.1197927 0.1210883 0.1154249 0.2772394 0.1362271 0.1055794 0.2672816 0.1380197 0.1216280 0.1309671 0.1083435 0.1314469 0.2765591 0.1309014 0.1362001 0.1399151 0.1112438 0.2709563 0.1268599 0.1422295 0.2639055 
Callithrix_geoffroyi        0.0728597 0.0689228 0.2829837 0.0697214 0.0925178 0.0893005 0.0892964 0.0926273 0.0925189 0.0953640 0.0924453 0.0619025 0.0701443 0.0614196 0.0612605 0.0717161 0.0586509 0.0685527 0.0745023 0.0744454 0.0758675 0.0745712 0.0722569 0.0729763 0.0395141 0.0000000 0.0000025 0.0013046 0.0000025 0.0119562 0.0536053 0.0506912 0.0532514 0.0814449 0.0830205 0.0846779 0.0948494 0.0948494 0.0683552 0.0461939 0.0581665 0.0641269 0.0535986 0.0535986 0.0065553 0.0092032 0.0686068 0.0713536 0.0726045 0.0725042 0.0681554 0.0696900 0.0710420 0.0680549 0.0710357 0.0724233 0.0725250 0.0503199 0.0574980 0.0532188 0.0697427 0.0560610 0.0638780 0.0603945 0.0613520 0.0531545 0.0638780 0.0590039 0.0682678 0.0639955 0.0562816 0.0545297 0.0519454 0.1046598 0.1055584 0.1133457 0.2665427 0.2473928 0.1131114 0.1104498 0.1106616 0.1169672 0.1028561 0.2584558 0.1114363 0.1170010 0.1008756 0.2565135 0.1065237 0.1129892 0.1051844 0.2577710 0.1199642 0.0927506 0.2641628 0.1192093 0.1083992 0.1148218 0.0929557 0.1204879 0.2560673 0.1147651 0.1199391 0.1234509 0.0932176 0.2571217 0.1135208 0.1257513 0.2551811 
Callithrix_jacchus          0.0754797 0.0716172 0.2858661 0.0723363 0.0951310 0.0919108 0.0919066 0.0952434 0.0951321 0.0979700 0.0950566 0.0645606 0.0727743 0.0640573 0.0638918 0.0743486 0.0612965 0.0711793 0.0771265 0.0770676 0.0802083 0.0790511 0.0763181 0.0773271 0.0407446 0.0000025 0.0000000 0.0012978 0.0000010 0.0145799 0.0562212 0.0533055 0.0558508 0.0855356 0.0871174 0.0873318 0.0966255 0.0966255 0.0709746 0.0487968 0.0607290 0.0666856 0.0547939 0.0547939 0.0091559 0.0118059 0.0712347 0.0739729 0.0752221 0.0751184 0.0722263 0.0737671 0.0736571 0.0721201 0.0736507 0.0750348 0.0751400 0.0529159 0.0600943 0.0544068 0.0693782 0.0572421 0.0664280 0.0629907 0.0639208 0.0543412 0.0664280 0.0616026 0.0711158 0.0666182 0.0588879 0.0557425 0.0545510 0.1082918 0.1075136 0.1152855 0.2681550 0.2490493 0.1150479 0.1123904 0.1126055 0.1189145 0.1048141 0.2601234 0.1159503 0.1215361 0.1028482 0.2582132 0.1084936 0.1149238 0.1071336 0.2594736 0.1219103 0.0947291 0.2658599 0.1237322 0.1103534 0.1167813 0.0949380 0.1224412 0.2577282 0.1167239 0.1218850 0.1254021 0.0952047 0.2587668 0.1154632 0.1276917 0.2568395 
Callithrix_kuhlii           0.0769736 0.0730317 0.2858661 0.0738191 0.0966736 0.0934429 0.0934387 0.0967880 0.0966748 0.0995161 0.0965980 0.0660471 0.0742668 0.0655315 0.0653620 0.0758467 0.0627678 0.0726657 0.0786271 0.0785670 0.0818017 0.0806498 0.0778019 0.0789186 0.0421540 0.0013046 0.0012978 0.0000000 0.0012978 0.0159242 0.0575793 0.0547392 0.0572827 0.0870467 0.0886336 0.0888770 0.0988152 0.0988152 0.0724565 0.0502131 0.0636450 0.0696356 0.0562326 0.0562326 0.0104771 0.0131149 0.0727220 0.0754625 0.0767105 0.0766044 0.0737066 0.0752523 0.0751400 0.0735980 0.0751334 0.0765191 0.0766265 0.0543386 0.0615352 0.0558348 0.0723312 0.0586765 0.0693660 0.0644389 0.0668646 0.0557674 0.0693660 0.0630487 0.0727271 0.0680906 0.0603313 0.0571229 0.0559830 0.1102411 0.1075136 0.1152855 0.2681550 0.2490493 0.1150479 0.1123904 0.1126055 0.1189145 0.1048141 0.2601234 0.1159503 0.1215361 0.1028482 0.2582132 0.1084936 0.1149238 0.1071336 0.2594736 0.1219103 0.0947291 0.2658599 0.1237322 0.1103534 0.1167813 0.0949380 0.1224412 0.2577282 0.1167239 0.1218850 0.1254021 0.0952047 0.2587668 0.1154632 0.1276917 0.2568395 
Callithrix_penicillata      0.0754797 0.0716172 0.2858661 0.0723363 0.0951310 0.0919108 0.0919066 0.0952434 0.0951321 0.0979700 0.0950566 0.0645606 0.0727743 0.0640573 0.0638918 0.0743486 0.0612965 0.0711793 0.0771265 0.0770676 0.0802083 0.0790511 0.0763181 0.0773271 0.0407446 0.0000025 0.0000010 0.0012978 0.0000000 0.0145799 0.0562212 0.0533055 0.0558508 0.0855356 0.0871174 0.0873318 0.0966255 0.0966255 0.0709746 0.0487968 0.0607290 0.0666856 0.0547939 0.0547939 0.0091559 0.0118059 0.0712347 0.0739729 0.0752221 0.0751184 0.0722263 0.0737671 0.0736571 0.0721201 0.0736507 0.0750348 0.0751400 0.0529159 0.0600943 0.0544068 0.0693782 0.0572421 0.0664280 0.0629907 0.0639208 0.0543412 0.0664280 0.0616026 0.0711158 0.0666182 0.0588879 0.0557425 0.0545510 0.1082918 0.1075136 0.1152855 0.2681550 0.2490493 0.1150479 0.1123904 0.1126055 0.1189145 0.1048141 0.2601234 0.1159503 0.1215361 0.1028482 0.2582132 0.1084936 0.1149238 0.1071336 0.2594736 0.1219103 0.0947291 0.2658599 0.1237322 0.1103534 0.1167813 0.0949380 0.1224412 0.2577282 0.1167239 0.1218850 0.1254021 0.0952047 0.2587668 0.1154632 0.1276917 0.2568395 
Cebuella_pygmaea            0.0758841 0.0720104 0.2861446 0.0727220 0.0941291 0.0908987 0.0908946 0.0942408 0.0941302 0.0969809 0.0940552 0.0631985 0.0715322 0.0628023 0.0626400 0.0731070 0.0631035 0.0730550 0.0775410 0.0774814 0.0774952 0.0778990 0.0752570 0.0746011 0.0452531 0.0119562 0.0145799 0.0159242 0.0145799 0.0000000 0.0565168 0.0535848 0.0561425 0.0845079 0.0860946 0.0878109 0.0969360 0.0969360 0.0713738 0.0505295 0.0579548 0.0638918 0.0594787 0.0594787 0.0105409 0.0132131 0.0716161 0.0743686 0.0771205 0.0770133 0.0711496 0.0726949 0.0755407 0.0710446 0.0755340 0.0783970 0.0785078 0.0546813 0.0619259 0.0590540 0.0724441 0.0619264 0.0636450 0.0648491 0.0611272 0.0589822 0.0636450 0.0634499 0.0715091 0.0684364 0.0591971 0.0589705 0.0548362 0.1082377 0.1083372 0.1161745 0.2631225 0.2346518 0.1159332 0.1132528 0.1134713 0.1198414 0.1056142 0.2556180 0.1194218 0.1250850 0.1061561 0.2497861 0.1093326 0.1158070 0.1079512 0.2548783 0.1202502 0.0979243 0.2612312 0.1272956 0.1109861 0.1176936 0.0981426 0.1234050 0.2612495 0.1176353 0.1228397 0.1263937 0.0984209 0.2479553 0.1163550 0.1287003 0.2523830 
Cebus_albifrons             0.0623333 0.0606220 0.2810355 0.0592810 0.0741842 0.0769874 0.0740242 0.0772250 0.0771359 0.0799404 0.0770753 0.0558210 0.0640127 0.0553884 0.0552464 0.0655572 0.0509468 0.0594170 0.0581277 0.0580841 0.0520360 0.0507937 0.0546718 0.0491996 0.0521942 0.0536053 0.0562212 0.0575793 0.0562212 0.0565168 0.0000000 0.0013103 0.0026091 0.0693443 0.0694000 0.0618966 0.0668527 0.0668527 0.0622725 0.0433069 0.0435318 0.0492913 0.0492516 0.0492516 0.0517876 0.0517632 0.0523871 0.0551038 0.0578102 0.0577320 0.0577564 0.0592522 0.0563042 0.0576724 0.0591596 0.0592593 0.0577481 0.0474138 0.0545442 0.0488888 0.0463016 0.0517084 0.0491033 0.0574214 0.0493941 0.0488299 0.0491033 0.0560372 0.0564712 0.0565039 0.0131933 0.0133702 0.0091982 0.0868067 0.1053007 0.1130658 0.2514221 0.2298363 0.1128326 0.1101788 0.1103896 0.1166745 0.1026062 0.2491332 0.1111118 0.1166567 0.0956022 0.2537791 0.1062611 0.1101864 0.1049285 0.2617427 0.1144941 0.0875870 0.2678539 0.1188584 0.1081335 0.1145343 0.0902262 0.1149915 0.2613943 0.1144780 0.1144700 0.1204608 0.0929936 0.2454647 0.1132400 0.1227529 0.2459985 
Cebus_capucinus             0.0608240 0.0610622 0.2710613 0.0577850 0.0741030 0.0754107 0.0739433 0.0771401 0.0770513 0.0798527 0.0769908 0.0543135 0.0624929 0.0538935 0.0537557 0.0640307 0.0497293 0.0609382 0.0566283 0.0565859 0.0523424 0.0510950 0.0531979 0.0494896 0.0507012 0.0506912 0.0533055 0.0547392 0.0533055 0.0535848 0.0013103 0.0000000 0.0013020 0.0678192 0.0678735 0.0603649 0.0673908 0.0673908 0.0607648 0.0404704 0.0411652 0.0469597 0.0477714 0.0477714 0.0489040 0.0489515 0.0509051 0.0536175 0.0563195 0.0562436 0.0562673 0.0577571 0.0548200 0.0561857 0.0576670 0.0577639 0.0562592 0.0445614 0.0516502 0.0460247 0.0439566 0.0488295 0.0467789 0.0545106 0.0470588 0.0459694 0.0467789 0.0531317 0.0568133 0.0550140 0.0105110 0.0107208 0.0065423 0.0874222 0.1016454 0.1092871 0.2481661 0.2269271 0.1090647 0.1064552 0.1066558 0.1128088 0.0989977 0.2426552 0.1073437 0.1127902 0.0920828 0.2471131 0.1025599 0.1089491 0.1012914 0.2548956 0.1106498 0.0842084 0.2608310 0.1149696 0.1044252 0.1106880 0.0868017 0.1111240 0.2547075 0.1106344 0.1106266 0.1164994 0.0895174 0.2422914 0.1094529 0.1187656 0.2396538 
Cebus_olivaceus             0.0619184 0.0621850 0.2784431 0.0588883 0.0751472 0.0779341 0.0749860 0.0781732 0.0780835 0.0808716 0.0780226 0.0554468 0.0635846 0.0550200 0.0548798 0.0651178 0.0508746 0.0620342 0.0563131 0.0562713 0.0520360 0.0507937 0.0529056 0.0491996 0.0532619 0.0532514 0.0558508 0.0572827 0.0558508 0.0561425 0.0026091 0.0013020 0.0000000 0.0674408 0.0674945 0.0600234 0.0668527 0.0668527 0.0618585 0.0430254 0.0435318 0.0492913 0.0503319 0.0503319 0.0514485 0.0514983 0.0506229 0.0533205 0.0560078 0.0559327 0.0559562 0.0574371 0.0545173 0.0558754 0.0573480 0.0574438 0.0559482 0.0471052 0.0541868 0.0485698 0.0463016 0.0513703 0.0491033 0.0570442 0.0493941 0.0485117 0.0491033 0.0556692 0.0580166 0.0561298 0.0131098 0.0133708 0.0091392 0.0868067 0.0991713 0.1067846 0.2512692 0.2299274 0.1065678 0.1039693 0.1041647 0.1102740 0.0965363 0.2458239 0.1098532 0.1153258 0.0945346 0.2503468 0.1000616 0.1064552 0.0988269 0.2581710 0.1081140 0.0866202 0.2641552 0.1175046 0.1019353 0.1106880 0.0892265 0.1085764 0.2579082 0.1080989 0.1080912 0.1139285 0.0919581 0.2453800 0.1069460 0.1161936 0.2427750 
Cheracebus_lugens           0.0709697 0.0729940 0.2980312 0.0707553 0.0937015 0.0965441 0.0950040 0.0983664 0.0982512 0.1010964 0.0981731 0.0689043 0.0756421 0.0683599 0.0667309 0.0772245 0.0700217 0.0740529 0.0506502 0.0535775 0.0269936 0.0256738 0.0265834 0.0299878 0.0797868 0.0814449 0.0855356 0.0870467 0.0855356 0.0845079 0.0693443 0.0678192 0.0674408 0.0000000 0.0039066 0.0615200 0.0732253 0.0732253 0.0738248 0.0719481 0.0641600 0.0672659 0.0739088 0.0739088 0.0808178 0.0838523 0.0492301 0.0462747 0.0253464 0.0253137 0.0199139 0.0226347 0.0239592 0.0198861 0.0266693 0.0294443 0.0280435 0.0776344 0.0851346 0.0777525 0.0788603 0.0792120 0.0788069 0.0881603 0.0792878 0.0761830 0.0788069 0.0867350 0.0889818 0.0859965 0.0720626 0.0720952 0.0676194 0.0418940 0.1066359 0.1143366 0.2699512 0.2477624 0.1166167 0.1114704 0.1116819 0.1153725 0.1039620 0.2696905 0.1149742 0.1205046 0.1044941 0.2748859 0.1101154 0.1089363 0.1062623 0.2794998 0.1183201 0.0964105 0.3063174 0.1226834 0.1119551 0.1127710 0.0966149 0.1188302 0.2787764 0.1131983 0.1182956 0.1217434 0.1018707 0.2671036 0.1170350 0.1240132 0.2728897 
Cheracebus_torquatus        0.0725096 0.0745820 0.3055694 0.0722900 0.0953205 0.0981690 0.0966235 0.1000018 0.0998844 0.1027354 0.0998048 0.0704563 0.0772021 0.0698985 0.0682607 0.0787915 0.0715696 0.0756056 0.0521240 0.0550624 0.0284737 0.0271570 0.0279671 0.0314817 0.0813539 0.0830205 0.0871174 0.0886336 0.0871174 0.0860946 0.0694000 0.0678735 0.0674945 0.0039066 0.0000000 0.0630477 0.0775449 0.0775449 0.0753722 0.0734810 0.0641600 0.0672659 0.0754581 0.0754581 0.0823799 0.0854252 0.0506994 0.0477311 0.0267328 0.0266982 0.0212830 0.0240131 0.0253398 0.0212533 0.0280577 0.0308434 0.0294366 0.0791819 0.0867080 0.0793026 0.0788603 0.0807665 0.0788069 0.0897441 0.0792878 0.0777262 0.0788069 0.0883155 0.0907202 0.0875876 0.0721204 0.0721541 0.0676733 0.0471588 0.1093287 0.1170737 0.2737775 0.2514139 0.1193602 0.1141843 0.1144019 0.1181380 0.1066362 0.2803776 0.1177297 0.1232991 0.1071840 0.2858228 0.1128495 0.1116361 0.1089438 0.2905463 0.1211098 0.0990419 0.3143043 0.1254809 0.1146828 0.1155212 0.0992528 0.1216338 0.2895605 0.1159608 0.1210848 0.1213851 0.1045437 0.2709185 0.1197903 0.1236483 0.2834964 
