136
Alouatta_belzebul            0.0000000 0.1930096 0.0399815 0.1193378 0.1443129 0.1394451 0.1352284 0.1772445 0.1443043 0.1833328 0.7212145 0.7284243 0.6876848 0.7336918 0.7399859 0.5609020 0.5688521 0.6334705 0.5688521 0.5821552 1.1981189 1.2372465 1.1695472 1.1768845 1.1471838 1.2054387 1.1851112 0.7690125 0.9148530 0.9857556 1.0037501 0.9998770 0.9865431 1.0106327 0.9868847 0.8950545 0.8752704 0.9538972 0.9069650 0.8752704 0.9007474 1.3286813 1.3187425 1.3045454 1.2729939 1.0823408 1.0466683 1.0582979 0.6907600 1.2206151 1.1774765 1.1396311 1.0172485 0.9918315 1.0504483 1.1065249 1.0341614 0.9378175 0.9645036 0.9939559 0.9754541 0.9754541 1.0010141 1.0452437 1.1498846 1.1562886 1.0995108 1.1390753 1.1112029 1.1383427 1.1348662 1.1429842 1.1447928 1.1429006 1.0972439 1.0136116 1.1079846 1.0913888 1.0776300 1.1624787 0.9798573 0.9902919 0.9906112 0.9581301 1.0020678 0.9677689 1.0145202 0.9323577 0.9358389 0.9508448 0.9377375 0.9446556 0.9582942 0.9395330 0.9567829 1.4632297 2.8080699 2.8765420 4.1555475 3.8730459 2.8845672 3.0677828 3.0514602 3.0545231 5.9878782 3.0731742 3.8557165 2.5544079 2.4451764 2.4141375 2.3157162 3.5931147 3.1386793 3.9396015 2.7691006 2.9638249 4.3776951 3.0685884 2.1039903 3.9423642 2.6045820 3.0040228 3.0954756 2.4749382 2.7072551 3.3294301 4.3346975 2.8500934 2.9000345 3.1471447 2.9962008 2.4073439 4.4689234 3.0683157 2.8363168 4.2172736 
Alouatta_caraya              0.1930096 0.0000000 0.2035591 0.1826952 0.1007362 0.0942854 0.0907421 0.2030178 0.1073503 0.1224112 0.7744729 0.7628071 0.7003556 0.7614346 0.7549285 0.5528432 0.5666486 0.6159409 0.5666486 0.5917439 1.2585632 1.2940716 1.2223741 1.2148928 1.2134395 1.2510720 1.2446010 0.7783464 0.9670917 1.0352674 1.0756487 1.0718223 1.0581328 1.0983019 1.0817505 0.9452056 0.9182962 0.9450474 0.9367279 0.9182962 0.9570941 1.2368820 1.2271647 1.1992795 1.1676129 1.1074020 1.1147274 1.1040820 0.6636353 1.1740498 1.1905012 1.1159593 0.9206841 0.8823531 1.1598701 1.1904553 1.1541943 1.0138941 1.0550741 1.0492366 1.0300088 1.0300088 1.0420214 1.0062491 1.1033188 1.1460570 1.0522543 1.1436418 1.0466716 1.1279689 1.1328412 1.1613974 1.0984411 1.1409021 1.1735159 1.0117212 1.1089482 1.1180081 1.2122292 1.1744928 0.9641453 1.0446209 1.0161242 0.9826902 1.0628689 1.0062990 1.0479755 0.9865149 0.9899745 0.9927772 0.9921025 0.9989532 1.0376383 0.9746955 0.9544333 1.3828370 2.7204324 2.7705217 4.3735952 4.3247926 2.7231791 2.9329591 2.8854187 2.8423853 6.6500750 2.9405080 3.7044038 2.5280983 2.5356399 2.2396290 2.1672355 3.5929820 2.8950227 3.9432143 2.6481589 2.7941361 4.2448746 2.8662567 1.8876895 3.9116981 2.5837693 2.8265238 2.9036883 2.4182801 2.6798973 3.1218139 4.6337224 2.6381518 2.6396636 2.9487578 2.8019135 2.2137596 4.5455163 2.9066106 2.5533188 4.0975905 
Alouatta_discolor            0.0399815 0.2035591 0.0000000 0.1278094 0.1674344 0.1483872 0.1440185 0.1959290 0.1674245 0.1718090 0.7270247 0.7488752 0.6987854 0.7839290 0.7902341 0.5423933 0.5631115 0.6267773 0.5631115 0.5584126 1.2002121 1.2552036 1.1710809 1.1785529 1.1630754 1.2076658 1.2017763 0.7652899 0.9529745 0.9831516 0.9871604 0.9975825 0.9694697 0.9939383 0.9473402 0.8918734 0.8651497 0.9186582 0.8841419 0.8651497 0.8774683 1.3467980 1.3215413 1.3221300 1.2902864 1.0681831 1.0682818 1.0800853 0.6910627 1.2014021 1.1866245 1.1191223 1.0316276 1.0058389 1.0497647 1.1068432 1.0709779 0.9205665 0.9478515 0.9631633 0.9446670 0.9446670 0.9704594 1.0516161 1.1581061 1.1648746 1.1069345 1.1768206 1.1469206 1.1466603 1.1429821 1.1656105 1.1528848 1.1512848 1.1201687 1.0403833 1.1733085 1.1198034 1.1005993 1.1851603 1.0058430 0.9962288 0.9829483 0.9635083 1.0288748 0.9732577 1.0206179 0.9045532 0.9081519 0.9234954 0.9099888 0.9171544 0.9435489 0.9309456 0.9353391 1.4771304 2.8244500 2.9559694 4.2829405 3.9810481 2.9474220 3.1360237 3.1013262 3.0020039 6.2539028 3.1346622 3.9142587 2.5526392 2.4668206 2.4581502 2.3376112 3.6476061 3.2006782 4.0320526 2.8007346 3.0166523 4.4395448 2.9570716 2.1019946 3.9782556 2.6434127 3.0604159 3.0028609 2.5208463 2.6110160 3.2306676 4.2277255 2.7279892 2.7707179 3.0856215 2.9188839 2.4275204 4.5464135 3.1232913 2.7067066 4.0599841 
Alouatta_guariba             0.1193378 0.1826952 0.1278094 0.0000000 0.1585971 0.1420147 0.1376963 0.1378419 0.1508424 0.1769813 0.6996262 0.7155983 0.6587647 0.6876536 0.6941761 0.5558211 0.5638610 0.6275695 0.5638610 0.5718342 1.1092891 1.1775680 1.0976360 1.1050453 1.0982239 1.1167192 1.0971919 0.7453161 0.8789244 0.9418623 0.9458465 0.9700661 0.9285565 0.9070026 0.9429812 0.8443103 0.8383345 0.8786639 0.8440415 0.8383345 0.8775592 1.3786181 1.3233950 1.3239527 1.2768385 1.0037689 1.0512547 1.0626034 0.6734452 1.2016996 1.2024085 1.1042720 1.0034577 0.9485819 0.9914493 1.0543900 0.9728292 0.8786017 0.9427905 0.9577182 0.9393864 0.9393864 0.9649924 1.1075874 1.1949856 1.2031089 1.1426103 1.2387453 1.1471418 1.1845622 1.2265493 1.2260996 1.1978063 1.2364342 1.0993248 1.0282586 1.1325155 1.0522683 1.1832983 1.1166597 0.9937706 0.9391676 0.8996733 0.8654858 0.9380102 0.9036927 0.9304051 0.8791581 0.8828410 0.8855990 0.8846045 0.8919532 0.9186463 0.8543086 0.9226093 1.4077386 2.9320541 3.0078848 4.2146227 3.9540997 2.9422658 2.9710530 3.1401872 3.1760506 6.3013104 3.1671242 3.9310922 2.4122176 2.3550711 2.2143530 2.1384925 3.6665603 3.1737423 4.0881312 2.8101129 3.0311770 4.4752997 3.1123296 1.9292996 3.8099756 2.5148833 3.0146558 3.2056829 2.2703282 2.7607471 3.4275595 4.7262803 2.8967467 2.9339624 3.2088540 3.0943725 2.2079813 4.3727897 3.0802986 2.8317530 4.3236752 
Alouatta_juara               0.1443129 0.1007362 0.1674344 0.1585971 0.0000000 0.0677630 0.0646336 0.1625105 0.0045393 0.0860815 0.7732714 0.7240044 0.7382863 0.7725725 0.7661709 0.5684250 0.5819620 0.6300830 0.5819620 0.6066003 1.2757677 1.3345077 1.2635433 1.2563666 1.2683906 1.2685168 1.2620296 0.7780554 1.0113759 1.0069797 1.0472935 1.0434295 1.0298138 1.0399620 1.0314461 0.9209763 0.8817492 0.9209628 0.9129758 0.8817492 0.9200319 1.1726024 1.1782510 1.1661908 1.1348353 1.1211140 1.1285010 1.1181042 0.6451735 1.1724039 1.1665873 1.1292551 0.9600931 0.9505757 1.1239717 1.1173209 1.1026552 0.9647060 1.0196942 1.0138937 0.9948167 0.9948167 1.0210207 0.9644419 1.0595918 1.0861262 1.0601659 1.0536084 1.0268407 1.0679468 1.0882629 1.1028441 1.0693017 1.0955092 1.1365217 1.0191319 1.0954471 1.0493031 1.1894981 1.1527104 0.9857278 0.9768791 0.9640498 0.9305377 1.0232711 0.9542272 0.9814261 0.8990888 0.9027250 0.9181954 0.9045564 0.8990547 1.0013323 0.8936850 0.9180538 1.3429632 2.6456349 2.7808014 4.3599886 4.2890559 2.7023037 2.9302884 2.8753503 2.8540950 6.4003128 2.9136031 3.8165519 2.5254058 2.4645470 2.1597932 2.1266462 3.7573927 2.8978382 3.8948021 2.6631424 2.8342361 4.3490154 2.7942235 1.8576297 3.8138982 2.5266345 2.8100815 2.8934022 2.3990471 2.6070372 3.0594925 4.5050751 2.5725227 2.6400769 2.9176855 2.7691884 2.1774304 4.4726636 2.8390742 2.5879450 4.2138596 
Alouatta_macconnelli         0.1394451 0.0942854 0.1483872 0.1420147 0.0677630 0.0000000 0.0022669 0.1611263 0.0619334 0.0811706 0.7565058 0.7333477 0.7217252 0.7687085 0.7623313 0.5160627 0.5296351 0.5787200 0.5296351 0.5662301 1.2628498 1.2904384 1.2347811 1.2420636 1.2186623 1.2555400 1.2635803 0.7920050 0.9421197 0.9729870 1.0135706 1.0096279 0.9959823 1.0195522 0.9812579 0.9087801 0.8762763 0.9024852 0.9074975 0.8762763 0.9273593 1.2033753 1.1789238 1.1818108 1.1509387 1.1146117 1.1077176 1.0972621 0.6242145 1.1951346 1.1808372 1.1517474 0.9102896 0.8799299 1.1116295 1.1332768 1.0669578 0.9452550 1.0285994 1.0086897 0.9897023 0.9897023 1.0300477 0.9597908 1.0541259 1.0656124 1.0339015 1.0479743 1.0011034 1.0474259 1.0680741 1.0827842 1.0574102 1.0749615 1.1163957 1.0351655 1.0554127 1.0363229 1.1556623 1.1466080 1.0019295 0.9710945 0.9791729 0.9460534 1.0036122 0.9694571 1.0101616 0.9446425 0.9355954 0.9509353 0.9501446 0.9571420 0.9958460 0.9393717 0.9508648 1.3579024 2.6604456 2.7285794 4.2498118 4.1896138 2.6873442 2.8924782 2.8223805 2.8363482 6.2920136 2.8144560 3.7835056 2.4550594 2.4090927 2.1318839 2.0987756 3.7084631 2.8776378 3.9004235 2.6309453 2.8033756 4.2914203 2.7826232 1.8409998 3.7828567 2.5167055 2.7672973 2.8121765 2.3501596 2.6044209 3.0405216 4.4290375 2.6016075 2.6113764 2.9378123 2.7806809 2.1860368 4.4008523 2.7974578 2.5778215 4.1735637 
Alouatta_nigerrima           0.1352284 0.0907421 0.1440185 0.1376963 0.0646336 0.0022669 0.0000000 0.1565968 0.0588778 0.0778107 0.7474374 0.7242077 0.7127052 0.7597584 0.7533661 0.5078683 0.5214286 0.5706100 0.5214286 0.5579877 1.2518956 1.2791356 1.2239497 1.2312419 1.2079982 1.2445755 1.2527673 0.7830285 0.9318446 0.9624448 1.0031665 0.9991940 0.9855212 1.0089862 0.9704641 0.8994908 0.8670579 0.8932017 0.8983529 0.8670579 0.9181265 1.1922893 1.1677626 1.1708397 1.1398712 1.1047543 1.0976778 1.0872261 0.6158871 1.1847232 1.1705388 1.1415349 0.8997748 0.8695288 1.1012759 1.1228270 1.0561399 0.9348830 1.0184265 0.9982872 0.9794317 0.9794317 1.0197310 0.9494373 1.0436715 1.0548266 1.0234019 1.0371035 0.9910249 1.0365759 1.0574669 1.0722923 1.0470045 1.0641886 1.1059748 1.0253091 1.0460840 1.0270502 1.1454052 1.1369892 0.9921088 0.9823160 0.9694203 0.9362080 0.9936969 0.9596822 1.0003463 0.9355954 0.9265310 0.9419073 0.9410896 0.9481332 0.9869183 0.9302998 0.9418173 1.3459664 2.6492874 2.7173193 4.2428363 4.1816887 2.6761804 2.8814253 2.8110450 2.8507728 6.2537277 2.8024241 3.7598437 2.4701780 2.3974215 2.1460547 2.1129631 3.6830987 2.8673148 3.8775412 2.6204366 2.7922564 4.2683529 2.7710184 1.8555122 3.7739653 2.5046771 2.7567535 2.8281262 2.3385223 2.5926306 3.0290666 4.4225831 2.5900113 2.5999215 2.9275238 2.7692534 2.1701625 4.3945032 2.8121405 2.5663551 4.1454816 
Alouatta_palliata            0.1772445 0.2030178 0.1959290 0.1378419 0.1625105 0.1611263 0.1565968 0.0000000 0.1547220 0.1873438 0.7950365 0.7663528 0.7104142 0.7821452 0.7758716 0.5445921 0.5471350 0.6069793 0.5471350 0.5842184 1.2566565 1.3906090 1.3075356 1.3143964 1.3046738 1.2637399 1.2714470 0.7259563 0.9830619 1.0069608 1.0324441 1.0426028 1.0152430 0.9886271 0.9943577 0.8443338 0.8449796 0.9027549 0.8632543 0.8449796 0.8630511 1.3158562 1.3207599 1.2782353 1.2621903 1.1121142 1.1407536 1.1306333 0.6826638 1.1627108 1.2003518 1.1131006 1.0458369 1.0075944 1.0998715 1.1065689 1.1000393 0.9605654 1.0286130 1.0306062 1.0118097 1.0118097 1.0375058 1.1093537 1.2194976 1.2056831 1.1206763 1.2336378 1.1589845 1.1882271 1.2221323 1.2624407 1.1869792 1.2314239 1.0628118 1.0199552 1.0575870 1.0356078 1.1666281 1.0755902 0.9872404 0.9475611 0.9292445 0.9303603 0.9672236 0.9331224 0.9733094 0.9003008 0.9038729 0.9065889 0.9056770 0.9127925 0.9076259 0.8759963 0.8874675 1.4900206 2.7369089 2.9252288 4.3745670 4.1683549 2.8177554 3.0441740 3.0100347 3.0282746 6.0920326 3.0452325 3.9521953 2.5987408 2.4890839 2.1546345 2.1326384 3.8887112 3.0494536 4.0826575 2.7425411 2.9351164 4.4703814 2.9792894 1.9634287 4.0349793 2.6921757 2.8665540 3.0715788 2.5290106 2.6302803 3.2265335 4.6950474 2.7941682 2.7966028 3.1030738 2.9785603 2.3144860 4.5921896 2.9112423 2.7773610 4.3539115 
Alouatta_seniculus           0.1443043 0.1073503 0.1674245 0.1508424 0.0045393 0.0619334 0.0588778 0.1547220 0.0000000 0.0799248 0.7732383 0.7239712 0.7382536 0.7725397 0.7661381 0.5803490 0.5938621 0.6417161 0.5938621 0.6184792 1.2612378 1.3272053 1.2563256 1.2635433 1.2542160 1.2539304 1.2475805 0.7907961 1.0252047 1.0213500 1.0614011 1.0575839 1.0440311 1.0543324 1.0459684 0.9209415 0.8687618 0.9080038 0.9001423 0.8687618 0.9070287 1.1877862 1.1933380 1.1811338 1.1499715 1.1210751 1.1284616 1.1180646 0.6571459 1.1865175 1.1805194 1.1431708 0.9600542 0.9505376 1.1378945 1.1315437 1.1171576 0.9575273 1.0266970 1.0067011 0.9876977 0.9876977 1.0138545 0.9787953 1.0739004 1.1007489 1.0743660 1.0684968 1.0405891 1.0826910 1.1026423 1.1170431 1.0834376 1.1100966 1.1364821 1.0190943 1.1087323 1.0628038 1.1894593 1.1660596 0.9856905 0.9768409 0.9640128 0.9305005 1.0232336 0.9541902 0.9813886 0.8990547 0.9026910 0.9054534 0.9045222 0.8990206 1.0012987 0.8936508 0.9180198 1.3588915 2.6395601 2.7862036 4.3555237 4.2847583 2.7079951 2.9251669 2.8701101 2.8593577 6.3695932 2.9083457 3.8165864 2.5317201 2.4708470 2.1734197 2.1404141 3.7579302 2.9074115 3.8953510 2.6576563 2.8395441 4.3448110 2.7884737 1.8575844 3.8139497 2.5332304 2.8100499 2.8879928 2.4054769 2.6006847 3.0547852 4.4987289 2.5789349 2.6340587 2.9225309 2.7633157 2.1917053 4.4783419 2.8390416 2.5817011 4.2175702 
Alouatta_puruensis           0.1833328 0.1224112 0.1718090 0.1769813 0.0860815 0.0811706 0.0778107 0.1873438 0.0799248 0.0000000 0.7828395 0.7461705 0.7472103 0.7949399 0.8013507 0.6102175 0.6118199 0.6600140 0.6118199 0.6247407 1.3209995 1.3501287 1.3066419 1.3138322 1.2751739 1.3282005 1.2921891 0.8326862 1.0189859 1.0523581 1.0925830 1.1029199 1.0751306 1.0795272 1.0484660 0.9135822 0.8201574 0.8737104 0.8527183 0.8201574 0.8725955 1.2839943 1.2293267 1.2462910 1.2300667 1.2078557 1.1607097 1.1502174 0.7119222 1.2129206 1.2064486 1.1541735 1.0107097 1.0001541 1.1920181 1.2147147 1.1502906 1.0229956 1.0996141 1.0950979 1.0747881 1.0747881 1.1020854 1.0434761 1.1407024 1.1696897 1.1346006 1.1527566 1.0557240 1.1517385 1.1704895 1.1703163 1.1576842 1.1791110 1.1607852 1.0894118 1.1249499 1.1130021 1.2441338 1.1837253 1.0415044 1.0338408 1.0326747 0.9994469 1.0930580 1.0229013 1.0510396 0.9690421 0.9598794 0.9627045 0.9619339 0.9690077 0.9831868 0.9314728 0.9432051 1.4256236 2.7995966 2.8702505 4.4660754 4.3647754 2.7917254 3.0384193 2.9669777 2.8228599 6.5918403 3.0212782 3.9313401 2.6259808 2.5613211 2.2494037 2.1940883 3.8797156 2.9713598 4.0049154 2.7205883 2.9041845 4.4489940 2.7737491 1.9142332 3.9390314 2.7060389 2.8196376 2.8476456 2.4948504 2.6250157 3.0219178 4.4407095 2.5592787 2.5893567 2.9277795 2.7719990 2.2860266 4.6086342 2.9193435 2.5742711 4.1326034 
Aotus_azarae                 0.7212145 0.7744729 0.7270247 0.6996262 0.7732714 0.7565058 0.7474374 0.7950365 0.7732383 0.7828395 0.0000000 0.1291559 0.1375532 0.1441693 0.1478306 0.7034957 0.7189520 0.7307443 0.7189520 0.7460033 0.8669759 0.8730601 0.8958830 0.8891670 0.8728111 0.8736076 0.8850193 0.6852221 0.8369391 0.8334987 0.8126310 0.8142453 0.8098394 0.8113932 0.8249228 0.7204780 0.6429547 0.6183537 0.6605520 0.6429547 0.6577639 1.1005001 1.0379884 1.0658259 1.0425456 0.7923894 0.8074639 0.8178472 0.7419381 1.1309806 1.1619556 1.1083886 1.1432622 1.0874107 0.7924414 0.8195254 0.7871440 0.7080316 0.7177467 0.7648141 0.7463068 0.7463068 0.7647823 0.8329739 0.8431784 0.8747057 0.8471708 0.8074209 0.8931560 0.8580218 0.9040476 0.8561181 0.8560210 0.9078420 0.9834211 0.8768192 0.8774051 0.8767373 1.0015990 0.9311301 0.8658310 0.8158118 0.8826989 0.8371544 0.9382207 0.8478575 0.8913838 0.7036230 0.7012294 0.7157505 0.6960908 0.6975416 0.7235620 0.6983253 0.7324524 1.1902754 3.2530306 2.8521246 3.8543323 3.7113947 2.8860816 2.8210443 3.1328309 2.6799591 5.2490256 3.1469806 3.9168852 2.4447050 2.3314747 2.2671874 2.1957947 4.0201548 3.0416328 4.0054557 2.7742041 3.0594193 4.5700658 2.7023452 2.2248069 3.4414529 2.3123790 2.8322315 2.8287779 2.5795645 2.5194286 3.0239345 4.1951926 2.4935428 2.3532643 2.6791141 2.6930939 2.3148203 3.7435192 2.9321744 2.6661883 3.9946809 
Aotus_lemurinus              0.7284243 0.7628071 0.7488752 0.7155983 0.7240044 0.7333477 0.7242077 0.7663528 0.7239712 0.7461705 0.1291559 0.0000000 0.0799102 0.1030741 0.0998078 0.6624195 0.6388363 0.6642813 0.6388363 0.7039885 0.8012420 0.7796446 0.8150377 0.8083190 0.7797225 0.8078280 0.7937020 0.6431218 0.8073398 0.7603784 0.7390482 0.7550166 0.7361656 0.7526631 0.7426946 0.7152623 0.6684362 0.6643395 0.6803497 0.6684362 0.6778133 0.9942463 0.9546457 0.9687153 0.9456295 0.7612337 0.7765554 0.7866483 0.7681673 1.0446500 1.0899375 1.0289748 1.0272853 1.0156066 0.7679725 0.7590049 0.7628274 0.6171209 0.6200700 0.6594170 0.6426188 0.6426188 0.6407787 0.8431820 0.8394793 0.8710288 0.8504293 0.7773626 0.9165500 0.8542817 0.8862654 0.8380358 0.8799176 0.9040012 1.0066636 0.8648715 0.8631590 0.8366498 1.0314714 0.8977543 0.8399720 0.7975050 0.8495299 0.8117656 0.8837983 0.8093299 0.8640497 0.6985426 0.6961362 0.6985732 0.6909410 0.7046233 0.7130044 0.6630733 0.7018113 1.1274278 3.3198415 2.8892144 4.0660075 3.9492481 2.9761627 3.0278841 3.1685786 2.7819163 5.3052505 3.2669082 3.9664923 2.4031455 2.3135040 2.1959422 2.1320129 4.0779478 3.1194331 4.2754102 2.8461001 3.1044472 4.6361188 2.7091339 2.0837409 3.4588259 2.2954070 2.8783326 2.8726412 2.5144766 2.4939872 3.1018638 4.5188488 2.5246473 2.5099191 2.6993054 2.6633306 2.2725585 3.7876815 2.9897595 2.6244767 4.0689667 
Aotus_nancymaae              0.6876848 0.7003556 0.6987854 0.6587647 0.7382863 0.7217252 0.7127052 0.7104142 0.7382536 0.7472103 0.1375532 0.0799102 0.0000000 0.1204288 0.1171054 0.6663918 0.6290208 0.6420790 0.6290208 0.7087782 0.7542402 0.7448132 0.7813726 0.7744303 0.7454035 0.7610742 0.7469137 0.5847333 0.8091009 0.7830857 0.7479282 0.7777278 0.7308340 0.7751977 0.8006987 0.6936403 0.6229388 0.6181760 0.5971135 0.6354687 0.6190111 1.0446731 1.0127741 1.0108054 0.9723149 0.7473445 0.7632889 0.7735886 0.7056917 1.0179335 1.0697323 0.9873997 0.9953185 0.9764860 0.7749963 0.7733521 0.7840182 0.5769188 0.5796975 0.6195612 0.5903951 0.5903951 0.6068090 0.8516333 0.8613588 0.8937961 0.8589220 0.8124236 0.9259374 0.8768885 0.8884242 0.8465534 0.9027583 0.9065175 0.8635022 0.8091006 0.7343256 0.7322930 0.9728069 0.7617178 0.7990959 0.7371725 0.7909209 0.7518387 0.8120666 0.7496284 0.8052733 0.6841726 0.6818193 0.6842025 0.6886981 0.7021158 0.6745049 0.6614060 0.6332970 1.1679536 3.1923353 2.7782278 3.8951567 3.7779052 2.7719398 2.8806775 3.0798214 2.6670555 5.5928741 3.2745443 4.0497955 2.3933979 2.2989302 2.2442809 2.1390404 4.1640432 2.9288868 4.0923573 2.7365192 2.9253154 4.7508024 2.5604522 2.1084141 3.5319665 2.2798089 2.7222629 2.7578974 2.5576137 2.3794587 2.9526177 4.3391022 2.4274460 2.3574425 2.5513058 2.4954605 2.2626964 3.8461349 2.8486316 2.5185238 4.1514603 
Aotus_trivirgatus            0.7336918 0.7614346 0.7839290 0.6876536 0.7725725 0.7687085 0.7597584 0.7821452 0.7725397 0.7949399 0.1441693 0.1030741 0.1204288 0.0000000 0.0022463 0.6223971 0.6442361 0.6512200 0.6442361 0.6785147 0.7993011 0.7977868 0.8334672 0.8266963 0.7976023 0.7925746 0.7916819 0.6293714 0.7768780 0.7634743 0.7425475 0.7438941 0.7397204 0.7488079 0.7657211 0.6909484 0.6080606 0.6650853 0.6073966 0.6080606 0.6348787 0.9937364 0.9609920 0.9441347 0.9202507 0.7443082 0.7603401 0.7706538 0.7523238 1.0206512 1.0652138 1.0051156 0.9986750 0.9944868 0.7266501 0.7678836 0.7283685 0.6113871 0.6198809 0.6542847 0.6248469 0.6248469 0.6416611 0.8462387 0.8492848 0.8818143 0.8321829 0.7856828 0.8727625 0.8646897 0.8687957 0.8628881 0.8626462 0.8941851 0.9225799 0.8460380 0.7727833 0.7832123 0.9612644 0.8283165 0.8217059 0.7678112 0.8142633 0.7486217 0.8488633 0.7733306 0.8017853 0.7224081 0.7255616 0.7105438 0.7031317 0.7164518 0.6834449 0.6758573 0.6730060 1.1139308 3.1967547 2.7819643 3.8833199 3.7617225 2.8198264 2.9346914 3.1106803 2.6814819 5.3811692 3.3324970 4.0420031 2.4237503 2.3679118 2.2284862 2.1558324 4.1187250 2.9573787 4.1005936 2.7040824 2.9656177 4.7319388 2.5908834 2.1151829 3.4924895 2.2721188 2.7480225 2.7434976 2.5178515 2.3984388 3.0028494 4.3332016 2.4258578 2.4500569 2.5420679 2.5413900 2.2814453 3.8468302 2.8754598 2.5903760 4.1284560 
Aotus_vociferans             0.7399859 0.7549285 0.7902341 0.6941761 0.7661709 0.7623313 0.7533661 0.7758716 0.7661381 0.8013507 0.1478306 0.0998078 0.1171054 0.0022463 0.0000000 0.6156738 0.6375499 0.6446462 0.6375499 0.6851078 0.8059741 0.8046435 0.8402177 0.8334672 0.8043597 0.7992663 0.7983077 0.6231848 0.7836913 0.7562770 0.7353768 0.7366918 0.7325499 0.7416981 0.7583110 0.6971845 0.6143070 0.6713715 0.6136382 0.6143070 0.6411756 0.9859045 0.9688561 0.9362487 0.9122984 0.7511538 0.7670130 0.7773131 0.7457719 1.0281074 1.0726767 1.0126035 1.0060909 0.9871295 0.7193878 0.7605414 0.7356039 0.6051359 0.6261359 0.6479781 0.6185960 0.6185960 0.6353342 0.8534020 0.8562041 0.8888281 0.8393360 0.7785712 0.8797276 0.8717517 0.8760146 0.8701178 0.8697251 0.9014659 0.9295926 0.8530045 0.7654845 0.7762321 0.9681860 0.8353761 0.8286447 0.7745009 0.8208805 0.7553862 0.8554968 0.7799915 0.8085291 0.7164518 0.7196010 0.7045644 0.6971180 0.7104839 0.6894029 0.6698251 0.6668092 1.1222662 3.1930676 2.7763514 3.8828863 3.7621676 2.8253046 2.9397529 3.1146424 2.6752315 5.3646456 3.3355012 4.0437350 2.4174665 2.3740214 2.2215720 2.1628764 4.1187250 2.9619229 4.0983097 2.7099733 2.9703867 4.7319388 2.5846559 2.1221496 3.4947595 2.2788947 2.7536923 2.7494879 2.5240877 2.4052676 3.0074877 4.3291618 2.4191862 2.4435033 2.5352459 2.5348559 2.2883160 3.8468302 2.8805852 2.5967008 4.1310080 
Ateles_belzebuth             0.5609020 0.5528432 0.5423933 0.5558211 0.5684250 0.5160627 0.5078683 0.5445921 0.5803490 0.6102175 0.7034957 0.6624195 0.6663918 0.6223971 0.6156738 0.0000000 0.0291710 0.0847775 0.0291710 0.0714656 1.0775387 1.0759420 1.0848381 1.0774772 1.0784035 1.0847146 1.0590246 0.7543116 1.0477149 1.1094803 1.0987314 1.0942615 1.0876297 1.0638903 1.0939241 0.9616861 0.9738424 0.9748246 0.9866924 0.9738424 0.9878177 1.1354380 1.1254732 1.1056204 1.0643391 0.9148955 0.9067917 0.9180231 0.4495339 0.9858688 1.0224268 0.9631579 1.1082905 1.0173600 1.0415599 1.0864130 1.1017831 0.8632119 0.8670772 0.9099509 0.8784707 0.8784707 0.9099123 0.8996523 1.0514413 1.0777000 0.9756863 1.0921173 0.9802592 1.0590129 0.9872796 1.0123571 0.9935439 0.9771890 1.1231608 0.9000964 0.9585718 0.9917126 1.0111915 1.1043062 0.8956116 0.9860419 0.9583975 0.9241455 0.9838676 0.9556558 0.9970838 0.9582858 0.9286364 0.9583218 0.9641759 0.9648994 0.9525466 0.9189697 0.9236401 1.2753979 2.8946633 2.4101432 4.5125937 4.1579333 2.4335936 2.6460240 2.8481094 2.8546106 6.7967896 2.5993188 4.1284370 2.6146802 2.5046605 2.1002426 2.1238167 4.2969965 2.5863398 4.5407281 2.3707028 2.5166232 4.8839427 2.4660145 2.0566550 4.4297562 2.6748477 2.6209626 2.8887753 2.4514161 2.4316382 3.0129065 4.4464959 2.4708073 2.3008590 2.6662374 2.4812173 2.2718253 4.2191203 2.6519367 2.4752764 4.2652519 
Ateles_chamek                0.5688521 0.5666486 0.5631115 0.5638610 0.5819620 0.5296351 0.5214286 0.5471350 0.5938621 0.6118199 0.7189520 0.6388363 0.6290208 0.6442361 0.6375499 0.0291710 0.0000000 0.0660190 0.0000010 0.0656772 1.0795489 1.0862089 1.1097431 1.1024485 1.0884868 1.0867189 1.0465968 0.7896038 1.1105098 1.1501484 1.1394036 1.1266820 1.1284396 1.0978051 1.1427548 0.9837342 0.9954842 0.9895223 0.9875266 0.9817951 1.0097782 1.1625211 1.1525311 1.1481957 1.0912584 0.9094844 0.9440796 0.9552386 0.4748518 1.0253039 1.0543785 1.0028106 1.1657837 1.0755180 1.0889619 1.1633606 1.1417153 0.9080621 0.9122748 0.9694885 0.9375314 0.9375314 0.9694502 0.8863514 1.0460509 1.0722116 0.9620513 1.0714270 1.0114650 1.0534732 0.9972002 0.9903675 0.9799118 0.9873532 1.1175041 0.9598848 0.9673942 1.0154326 1.0199715 1.1288480 0.9547400 1.0304532 0.9884330 0.9684461 1.0132219 0.9996081 1.0409832 0.9854744 0.9559008 0.9855104 0.9914189 0.9920626 0.9866863 0.9462347 0.9510036 1.3225382 2.9316620 2.4274033 4.5124587 4.1602409 2.4780891 2.6329053 2.8583481 2.8228505 6.8290042 2.6014895 4.1783299 2.6431389 2.5083321 2.1594484 2.1313092 4.3403995 2.6317872 4.5549841 2.4271871 2.5734631 4.9165005 2.4883207 2.0879719 4.4832615 2.6789902 2.6658363 2.8827846 2.5038317 2.3865686 3.0063942 4.4724738 2.4734977 2.2767576 2.7291475 2.5033151 2.3274638 4.2375506 2.6721235 2.4921028 4.3008727 
Ateles_geoffroyi             0.6334705 0.6159409 0.6267773 0.6275695 0.6300830 0.5787200 0.5706100 0.6069793 0.6417161 0.6600140 0.7307443 0.6642813 0.6420790 0.6512200 0.6446462 0.0847775 0.0660190 0.0000000 0.0660190 0.0884312 1.0428041 1.0409634 1.0644785 1.0572005 1.0584518 1.0499281 0.9960519 0.7548566 1.0732031 1.1112141 1.1006658 1.0879488 1.0897789 1.0590379 1.1180072 0.9990932 0.9969236 1.0118249 0.9891769 0.9836010 0.9907334 1.1613459 1.1748986 1.1473641 1.0917343 0.9128062 0.9463155 0.9572452 0.4715696 1.0874487 1.0955223 1.0723148 1.1706161 1.1416944 1.0962135 1.1684554 1.1104657 0.8970767 0.8799772 0.9570874 0.9259328 0.9259328 0.9570499 0.8825722 1.0395637 1.0576406 1.0097005 1.0643042 0.9988600 1.0391296 0.9443271 1.0233972 1.0043660 0.9815540 1.1012455 0.9340381 0.9117108 0.9883194 1.0533710 1.0710229 0.9292943 0.9677855 0.9279382 0.9079174 0.9467228 0.9179583 0.9798986 0.9543722 0.9452271 0.9544075 0.9601474 0.9608696 0.9026556 0.9289820 0.9070100 1.3418649 2.8952854 2.3669482 4.5985774 4.2035681 2.4297928 2.5937657 2.7472559 2.8246216 6.5793963 2.7183821 4.0946324 2.5602150 2.4715608 2.1865904 2.1474747 4.1972334 2.6846048 4.4397370 2.3493582 2.5682368 4.7916357 2.4309420 2.0660423 4.3685865 2.6109978 2.6045527 2.9059763 2.4068225 2.3721398 2.9546548 4.3838123 2.4001396 2.4377876 2.6597035 2.4677956 2.3112244 4.3064466 2.5950617 2.4080166 4.2066581 
Ateles_marginatus            0.5688521 0.5666486 0.5631115 0.5638610 0.5819620 0.5296351 0.5214286 0.5471350 0.5938621 0.6118199 0.7189520 0.6388363 0.6290208 0.6442361 0.6375499 0.0291710 0.0000010 0.0660190 0.0000000 0.0656772 1.0795489 1.0862089 1.1097431 1.1024485 1.0884868 1.0867189 1.0465968 0.7896038 1.1105098 1.1501484 1.1394036 1.1266820 1.1284396 1.0978051 1.1427548 0.9837342 0.9954842 0.9895223 0.9875266 0.9817951 1.0097782 1.1625211 1.1525311 1.1481957 1.0912584 0.9094844 0.9440796 0.9552386 0.4748518 1.0253039 1.0543785 1.0028106 1.1657837 1.0755180 1.0889619 1.1633606 1.1417153 0.9080621 0.9122748 0.9694885 0.9375314 0.9375314 0.9694502 0.8863514 1.0460509 1.0722116 0.9620513 1.0714270 1.0114650 1.0534732 0.9972002 0.9903675 0.9799118 0.9873532 1.1175041 0.9598848 0.9673942 1.0154326 1.0199715 1.1288480 0.9547400 1.0304532 0.9884330 0.9684461 1.0132219 0.9996081 1.0409832 0.9854744 0.9559008 0.9855104 0.9914189 0.9920626 0.9866863 0.9462347 0.9510036 1.3225382 2.9316620 2.4274033 4.5124587 4.1602409 2.4780891 2.6329053 2.8583481 2.8228505 6.8290042 2.6014895 4.1783299 2.6431389 2.5083321 2.1594484 2.1313092 4.3403995 2.6317872 4.5549841 2.4271871 2.5734631 4.9165005 2.4883207 2.0879719 4.4832615 2.6789902 2.6658363 2.8827846 2.5038317 2.3865686 3.0063942 4.4724738 2.4734977 2.2767576 2.7291475 2.5033151 2.3274638 4.2375506 2.6721235 2.4921028 4.3008727 
Ateles_paniscus              0.5821552 0.5917439 0.5584126 0.5718342 0.6066003 0.5662301 0.5579877 0.5842184 0.6184792 0.6247407 0.7460033 0.7039885 0.7087782 0.6785147 0.6851078 0.0714656 0.0656772 0.0884312 0.0656772 0.0000000 1.0886422 1.0576536 1.0814773 1.0741005 1.0750855 1.0957799 1.0266787 0.7715956 1.0969486 1.1510589 1.1403552 1.1276882 1.1294364 1.0604232 1.1352900 0.9643100 0.9627618 0.9985510 0.9548161 0.9490350 0.9766651 1.2040764 1.1784674 1.1892425 1.1334086 0.9403910 0.9805073 0.9915553 0.4823498 1.0544827 1.0923151 1.0030590 1.2343338 1.1896508 1.0888988 1.1845045 1.1429385 0.9097733 0.9421956 0.9989001 0.9669480 0.9669480 0.9988623 0.9483963 1.0998400 1.1272099 1.0696638 1.1267459 1.0421296 1.1088061 1.0293540 1.0318171 1.0871697 1.0443477 1.1559008 0.9542547 0.9908261 1.0239234 1.0214002 1.1157392 0.9491857 0.9739298 0.9258326 0.8911132 0.9521527 0.9229695 0.9927000 0.9605025 0.9512497 0.9605383 0.9663714 0.9670853 0.9616877 0.9682019 0.9597128 1.3582984 2.9993182 2.4651074 4.5147490 4.2082413 2.4899151 2.6860145 2.8718590 2.8824755 6.6175939 2.6785792 4.1776485 2.6612253 2.5132487 2.1753400 2.1861383 4.2956244 2.6802354 4.5756242 2.4375272 2.5726491 4.9365367 2.5081811 2.1423000 4.4765534 2.7003071 2.7029670 2.9476692 2.4733200 2.4477783 3.0166117 4.4814815 2.4445780 2.3032110 2.7608927 2.5373611 2.2796480 4.2172337 2.6809741 2.4706031 4.2816664 
Cacajao_ayresi               1.1981189 1.2585632 1.2002121 1.1092891 1.2757677 1.2628498 1.2518956 1.2566565 1.2612378 1.3209995 0.8669759 0.8012420 0.7542402 0.7993011 0.8059741 1.0775387 1.0795489 1.0428041 1.0795489 1.0886422 0.0000000 0.0853269 0.0694695 0.0726566 0.0757225 0.0022473 0.0448063 1.0209161 1.2120411 1.2375904 1.2250340 1.2286929 1.1988517 1.2746878 1.2589714 1.2443940 1.2381058 1.2199386 1.2452996 1.2381058 1.2744979 1.1298994 1.1121521 1.1090276 1.0850387 0.2874391 0.2573915 0.2681500 1.3958504 1.5758410 1.7350174 1.5651111 1.5702540 1.5383074 1.2588715 1.3330067 1.2399983 0.4527717 0.4844602 0.4666026 0.4650562 0.4650562 0.4725979 0.9484246 0.9275046 0.9404873 0.8626279 0.9987119 0.9527695 0.9449183 0.9366578 0.9667892 0.9217758 0.9489010 1.5249388 1.4662304 1.4912032 1.3912432 1.5567341 1.3667652 1.5113866 1.4266241 1.4200498 1.4366779 1.3860520 1.3931554 1.5024620 1.1365631 1.1622567 1.1153360 1.1362673 1.1505596 1.1392630 1.1519448 1.1503888 1.2108951 4.1900162 3.8901029 5.1193855 4.5901748 3.7839675 3.9297008 3.9873221 3.5869551 5.5823115 4.3530256 4.1542725 2.9433932 3.0576378 2.7300720 2.8577950 4.1500524 3.8590131 5.3376869 3.7689341 3.9603712 4.3535642 3.5292578 2.6493988 4.4122605 3.0247038 3.7168229 3.7754061 2.9003078 3.3522591 3.7903840 4.3191596 3.4188609 3.4297660 3.3473728 3.5360466 2.7972974 4.2249814 3.8000240 3.5194867 4.0500241 
Cacajao_calvus               1.2372465 1.2940716 1.2552036 1.1775680 1.3345077 1.2904384 1.2791356 1.3906090 1.3272053 1.3501287 0.8730601 0.7796446 0.7448132 0.7977868 0.8046435 1.0759420 1.0862089 1.0409634 1.0862089 1.0576536 0.0853269 0.0000000 0.0266939 0.0292733 0.0269885 0.0886571 0.0845446 1.0557964 1.2271354 1.3174712 1.2893725 1.3081399 1.2782474 1.2645165 1.2816783 1.3321718 1.3081126 1.2916604 1.3153920 1.3081126 1.3078715 1.1868169 1.1353957 1.1478137 1.1060033 0.3108191 0.3077922 0.3196373 1.3957675 1.7343623 1.9236847 1.7151952 1.5247246 1.5082543 1.2493476 1.3458762 1.2534014 0.4665693 0.4648683 0.4637548 0.4622523 0.4622523 0.4818241 1.0061917 0.9823049 1.0056340 0.9521420 0.9355655 1.0249350 1.0103853 0.9928227 0.9717408 1.0134889 1.0067651 1.6391100 1.5774730 1.6163010 1.5044574 1.7277121 1.4902791 1.6263803 1.4917863 1.5097710 1.5018656 1.4389317 1.4577037 1.5696098 1.2105705 1.2370920 1.1961106 1.2249312 1.2249211 1.1978767 1.2036408 1.2206195 1.2646449 4.1769283 3.8224810 4.8551514 4.5084284 3.7189238 3.8243751 3.9413129 3.5110774 5.4591162 4.2841302 4.0918300 2.8537037 3.1195074 2.8113236 2.9203362 3.7963585 3.9305051 5.5551208 3.6870486 3.8715110 4.6184759 3.5853107 2.7143341 4.3403035 3.0739410 3.7760896 3.7000521 2.8221179 3.3140758 3.7128614 4.4290892 3.2917869 3.3447090 3.2404762 3.6033323 2.8670809 3.8922295 3.8900689 3.4159474 3.9715805 
Cacajao_novaesi              1.1695472 1.2223741 1.1710809 1.0976360 1.2635433 1.2347811 1.2239497 1.3075356 1.2563256 1.3066419 0.8958830 0.8150377 0.7813726 0.8334672 0.8402177 1.0848381 1.1097431 1.0644785 1.1097431 1.0814773 0.0694695 0.0266939 0.0000000 0.0022474 0.0188099 0.0726522 0.0751940 0.9824298 1.2136860 1.3111356 1.2831276 1.3018543 1.2720179 1.2581362 1.2905633 1.3188486 1.3093798 1.2855895 1.3166523 1.3093798 1.3237853 1.1319457 1.0978480 1.1106182 1.0702920 0.2711115 0.2739259 0.2853873 1.3816242 1.7037584 1.8780317 1.6681473 1.5503383 1.5175757 1.2506611 1.3467834 1.2169066 0.4707903 0.4690450 0.4679515 0.4663327 0.4663327 0.4866237 0.9477128 0.9330841 0.9543238 0.8828324 0.9684769 0.9592084 0.9588775 0.9357716 0.9149340 0.9281715 0.9481960 1.7065872 1.5633357 1.6022492 1.5123346 1.6273613 1.4591683 1.6122115 1.4772239 1.4952506 1.4873491 1.4097055 1.4431067 1.5549953 1.1975557 1.2241239 1.1830528 1.2119184 1.2119486 1.1992370 1.1978008 1.2070046 1.2106235 4.1592628 3.8154462 5.0589190 4.4731636 3.7136663 3.8173398 4.1158782 3.5207764 5.1161172 4.0520032 4.0535036 2.8765908 3.1166534 2.7988746 2.8983197 3.7739974 3.9621311 5.2052807 3.7018776 3.8631348 4.3876729 3.6001554 2.5652268 4.1122230 3.0621081 3.8129234 3.7066298 2.6717135 3.3030976 3.7184591 4.3949882 3.3486409 3.3400179 3.2566063 3.6125091 2.8437558 3.9072333 3.9030051 3.3973561 3.7525209 
Cacajao_rubicundus           1.1768845 1.2148928 1.1785529 1.1050453 1.2563666 1.2420636 1.2312419 1.3143964 1.2635433 1.3138322 0.8891670 0.8083190 0.7744303 0.8266963 0.8334672 1.0774772 1.1024485 1.0572005 1.1024485 1.0741005 0.0726566 0.0292733 0.0022474 0.0000000 0.0212701 0.0758709 0.0784081 0.9751100 1.2062414 1.3037427 1.2757088 1.2944765 1.2645642 1.2504322 1.2829396 1.3261788 1.3165591 1.2930216 1.3238214 1.3165591 1.3310724 1.1240670 1.0898224 1.1028057 1.0623391 0.2663278 0.2690750 0.2804749 1.3741710 1.6957471 1.8701328 1.6599992 1.5583853 1.5255750 1.2432218 1.3394755 1.2092705 0.4769397 0.4629076 0.4742020 0.4724835 0.4724835 0.4928768 0.9401913 0.9257455 0.9468071 0.8754523 0.9610271 0.9518571 0.9513595 0.9283579 0.9074237 0.9208739 0.9406662 1.7146462 1.5710374 1.5946150 1.5047796 1.6353174 1.4509977 1.6199189 1.4697344 1.4878211 1.4799048 1.4021987 1.4355256 1.5476438 1.2048066 1.2312920 1.1903591 1.2191372 1.2191441 1.2064677 1.2050322 1.2145425 1.2023031 4.1566828 3.8154041 5.0700634 4.4787334 3.7129175 3.8173676 4.1137166 3.5188101 5.1282997 4.0503486 4.0551846 2.8713876 3.1127692 2.7937067 2.8935956 3.7736207 3.9631121 5.1910855 3.7026830 3.8634438 4.3921381 3.6016211 2.5714760 4.1142791 3.0574693 3.8128674 3.7074022 2.6660040 3.3066190 3.7191868 4.3996490 3.3456046 3.3431102 3.2530636 3.6139180 2.8385683 3.9066232 3.9035635 3.4002981 3.7530301 
Cacajao_ucayalii             1.1471838 1.2134395 1.1630754 1.0982239 1.2683906 1.2186623 1.2079982 1.3046738 1.2542160 1.2751739 0.8728111 0.7797225 0.7454035 0.7976023 0.8043597 1.0784035 1.0884868 1.0584518 1.0884868 1.0750855 0.0757225 0.0269885 0.0188099 0.0212701 0.0000000 0.0789610 0.0750484 0.9777136 1.2049484 1.3152691 1.2877829 1.3061475 1.2768956 1.2482797 1.2483242 1.2938752 1.2779141 1.2682317 1.2851012 1.2779141 1.2915899 1.0928586 1.0586704 1.0722445 1.0319714 0.2796556 0.2825718 0.2940581 1.3844821 1.6569352 1.8268532 1.6215289 1.5191617 1.4871659 1.2265148 1.3213310 1.2229087 0.5082273 0.4814720 0.4932474 0.4911891 0.4911891 0.5122709 0.9285499 0.9291529 0.9499489 0.8650766 0.9491519 0.9402867 0.9544266 0.8947657 0.8963413 0.9243403 0.9062965 1.6707503 1.5474784 1.5856852 1.4827938 1.5937963 1.4446102 1.5953018 1.4708707 1.4885936 1.4808348 1.4046523 1.4373526 1.5472266 1.1893330 1.2155426 1.1677780 1.2034865 1.2035421 1.1766928 1.1895970 1.1982928 1.1678246 4.2495222 3.9095229 5.2520131 4.6406910 3.8227123 3.9502952 4.2400224 3.6198761 5.2896384 4.1718761 4.1840378 2.9515466 3.2015735 2.7634372 2.8375235 3.9004005 3.8948537 5.3506720 3.8082232 3.9814109 4.5041202 3.7195641 2.4946971 4.2245933 3.1728061 3.7238550 3.8261660 2.7643014 3.4091527 3.8447112 4.5206176 3.4544278 3.4513056 3.3641443 3.7350430 2.7667552 4.0363194 3.8372716 3.5226488 3.8707675 
Cacajao_hosomi               1.2054387 1.2510720 1.2076658 1.1167192 1.2685168 1.2555400 1.2445755 1.2637399 1.2539304 1.3282005 0.8736076 0.8078280 0.7610742 0.7925746 0.7992663 1.0847146 1.0867189 1.0499281 1.0867189 1.0957799 0.0022473 0.0886571 0.0726522 0.0758709 0.0789610 0.0000000 0.0475342 1.0209161 1.2120411 1.2375904 1.2250340 1.2286929 1.1988517 1.2746878 1.2589714 1.2517414 1.2453419 1.2273799 1.2525263 1.2453419 1.2817591 1.1221333 1.1199151 1.1013263 1.0772689 0.2825871 0.2527928 0.2634926 1.4030342 1.5758410 1.7350174 1.5651111 1.5702540 1.5383074 1.2588715 1.3330067 1.2399983 0.4468547 0.4784663 0.4605572 0.4591047 0.4591047 0.4665498 0.9557972 0.9346759 0.9478299 0.8699157 1.0058833 0.9600314 0.9522625 0.9439270 0.9740149 0.9289338 0.9562816 1.5249388 1.4662304 1.4912032 1.3912432 1.5567341 1.3667652 1.5113866 1.4340135 1.4125731 1.4292594 1.3786230 1.3856039 1.4951300 1.1435740 1.1691916 1.1224245 1.1433001 1.1575200 1.1462769 1.1589079 1.1576471 1.2189790 4.1871979 3.8895936 5.1082429 4.5901748 3.7842294 3.9288891 3.9861109 3.5884967 5.5823115 4.3571318 4.1519133 2.9483481 3.0617131 2.7354631 2.8528433 4.1470467 3.8587538 5.3376869 3.7693029 3.9593425 4.3535642 3.5274625 2.6432867 4.4169773 3.0199909 3.7175251 3.7757169 2.9052113 3.3554675 3.7906079 4.3231003 3.4214340 3.4271805 3.3444680 3.5342432 2.8025985 4.2220003 3.8001700 3.5214519 4.0519128 
Cacajao_melanocephalus       1.1851112 1.2446010 1.2017763 1.0971919 1.2620296 1.2635803 1.2527673 1.2714470 1.2475805 1.2921891 0.8850193 0.7937020 0.7469137 0.7916819 0.7983077 1.0590246 1.0465968 0.9960519 1.0465968 1.0266787 0.0448063 0.0845446 0.0751940 0.0784081 0.0750484 0.0475342 0.0000000 1.0173156 1.1969713 1.2949925 1.2667968 1.2857013 1.2555575 1.2346868 1.2892215 1.2598859 1.2676340 1.2505224 1.2746992 1.2676340 1.2894244 1.1247647 1.0830299 1.1041970 1.0650940 0.3059568 0.2938180 0.3049293 1.3733452 1.6195575 1.7301954 1.5545910 1.5891512 1.5576070 1.2582013 1.3313059 1.2395825 0.4666249 0.5101067 0.4806437 0.4788932 0.4788932 0.4865976 0.9602468 0.9392396 0.9523521 0.8896158 0.9954362 0.9786571 0.9567354 0.9484484 0.9348877 0.9476424 0.9607304 1.5297273 1.4416856 1.4637830 1.3507682 1.5450226 1.3481341 1.4861178 1.3640628 1.3574639 1.3743382 1.3243563 1.3303357 1.4398804 1.2099515 1.2355534 1.1889423 1.2238108 1.2238046 1.2127542 1.2252570 1.2267681 1.2043969 4.3635714 4.0260363 5.2743097 4.7495624 3.9168847 4.0750478 4.1164353 3.7110999 5.8075412 4.5227045 4.2991745 3.0425045 3.1600161 2.8735869 2.9490314 4.0774495 3.9873779 5.5716078 3.8989749 4.0981003 4.5140821 3.6156363 2.7703874 4.5537173 3.1281924 3.8557295 3.9220420 3.0022256 3.4768068 3.9488252 4.4925409 3.5353119 3.5441876 3.4282132 3.6251966 2.9254745 4.1570977 3.9274655 3.6309816 4.0195607 
Callimico_goeldii            0.7690125 0.7783464 0.7652899 0.7453161 0.7780554 0.7920050 0.7830285 0.7259563 0.7907961 0.8326862 0.6852221 0.6431218 0.5847333 0.6293714 0.6231848 0.7543116 0.7896038 0.7548566 0.7896038 0.7715956 1.0209161 1.0557964 0.9824298 0.9751100 0.9777136 1.0209161 1.0173156 0.0000000 0.8159879 0.8454610 0.8437504 0.8465839 0.8275555 0.7782285 0.8186064 0.7021498 0.7287311 0.7567467 0.7338297 0.7287311 0.7211218 0.9628793 1.0057459 0.9897356 0.9678014 0.8554212 0.9384598 0.9280338 0.8797000 1.0092081 1.0087609 0.9381237 0.8147155 0.7729770 0.7784181 0.8185084 0.7407422 0.7741734 0.7728896 0.8194092 0.8041699 0.8041699 0.8122123 0.9391905 0.9451495 0.9729681 0.9175156 0.9993755 0.9649083 0.9772028 0.9124213 0.9359178 0.9549360 0.9240114 0.7829474 0.8041329 0.7073713 0.7304158 0.8504852 0.7193373 0.7740930 0.9526417 0.9616389 0.8914717 1.0153202 0.8945381 0.9577474 0.7103102 0.7136254 0.7228795 0.7224175 0.7165698 0.6865200 0.7236788 0.7082903 1.1245401 2.8687043 2.7462918 4.6677038 4.2107699 2.6922033 2.8111453 2.7725396 2.8612772 5.0433572 2.7492557 4.0036270 2.5743765 2.4728471 2.3128063 2.2692890 3.6664071 2.8024624 3.9524164 2.5881707 2.8157143 4.5307089 2.6840321 2.1504550 3.8869743 2.6029816 2.6773241 2.9823279 2.6284215 2.2799111 2.9971795 5.1340201 2.2709246 2.6106151 2.6500141 2.6451364 2.4190281 3.6522608 2.7676574 2.6758092 3.9244904 
