181
Alouatta_belzebul            0.0000000 0.0696343 0.0160951 0.0558950 0.0810428 0.0656270 0.0741572 0.0959874 0.0702131 0.0693155 0.0791946 0.0691486 0.0027621 0.2620684 0.2432630 0.2431506 0.2395809 0.2627335 0.2588410 0.2565368 0.2163957 0.2105170 0.2229214 0.2125978 0.2166090 0.2194054 0.2086083 0.2488867 0.2540233 0.3710742 0.3766776 0.3454471 0.3506244 0.3443746 0.3677064 0.3987919 0.3695893 0.3723805 0.3658054 0.3753582 0.3397469 0.3849525 0.4086029 0.3776772 0.3267894 0.3187825 0.3929664 0.4041672 0.3964259 0.3898267 0.4065426 0.3270960 0.3411063 0.3543037 0.3880385 0.3763350 0.3499990 0.3795395 0.3765345 0.4397435 0.3611908 0.3375661 0.3492468 0.3175996 0.3192635 0.3069352 0.3179770 0.3987026 0.4167552 0.4267266 0.3927483 0.3950065 0.2442329 0.3744420 0.3986982 0.3648448 0.4215232 0.3646330 0.3808547 0.3820019 0.3850447 0.3940385 0.3342555 0.3301593 0.3196673 0.3316121 0.3270634 0.3336784 0.3306032 0.3367686 0.6591752 0.6512401 0.3696903 0.3506361 0.3687490 0.3719923 0.3688768 0.3734637 0.3738322 0.3500858 0.3813414 0.3927017 0.3956104 0.4135122 0.3914210 0.3839301 0.4025630 0.4054895 0.4108133 0.3879282 0.3994008 0.3802172 0.3726398 0.3727524 0.3779460 0.3945571 0.4651297 0.3917613 0.3662183 0.3955207 0.3834583 0.4307384 0.3968114 0.4015419 0.3791270 0.3907067 0.3821443 0.3891753 0.4020202 0.3810411 0.3657266 0.3940592 0.3810287 0.3806657 0.3836402 0.3780975 0.3797416 0.3486278 0.3658999 0.3801281 0.4417312 0.8825973 0.8700357 0.9139396 0.9907774 1.0294674 0.8594586 0.8815035 0.9310876 0.9439183 0.9106911 0.8196095 0.6889987 0.6676783 0.7870799 0.7313516 1.1325853 0.9603807 0.8816307 0.9714834 0.9832525 1.1419365 1.0763857 0.8699631 0.9940003 0.7144712 1.0017310 1.1302400 0.7264339 1.1245407 0.9481572 1.0594242 1.1091246 1.1154457 1.0558942 1.1093543 0.7883692 0.9688916 1.0042043 0.9402642 0.9042785 
Alouatta_caraya              0.0696343 0.0000000 0.0769430 0.0653721 0.0680164 0.0581099 0.0639930 0.1053988 0.0926586 0.0593394 0.0663558 0.0592036 0.0732959 0.2605007 0.2427411 0.2385852 0.2350562 0.2560821 0.2485762 0.2463003 0.2050348 0.2064297 0.2227291 0.2241158 0.2124702 0.2229278 0.2045456 0.2405219 0.2436348 0.3599298 0.3634626 0.3219424 0.3269907 0.3323765 0.3566130 0.3772118 0.3641329 0.3457440 0.3607811 0.3703039 0.3294421 0.3640184 0.3647059 0.3554660 0.3267677 0.3363244 0.3840981 0.3838406 0.3739640 0.3634574 0.3838513 0.3271994 0.3429634 0.3619581 0.4209609 0.3855545 0.3626521 0.3939794 0.3857581 0.4879242 0.3624100 0.3629973 0.3837707 0.3054393 0.3251746 0.3048274 0.3218656 0.3914737 0.3798836 0.3895500 0.3739364 0.3760581 0.2349704 0.3176519 0.3483942 0.3231453 0.3691876 0.3229473 0.3202240 0.3189681 0.3247505 0.3428643 0.3167418 0.3159459 0.3002460 0.3162663 0.3146252 0.3154022 0.3093074 0.3289578 0.5696617 0.5598706 0.3636876 0.3472597 0.3698388 0.3676838 0.3699657 0.3640009 0.3748991 0.3468329 0.3666134 0.3742587 0.3514303 0.3833048 0.3641900 0.3620346 0.3612957 0.3626430 0.3806833 0.3556800 0.3770655 0.3533406 0.3463018 0.3460701 0.3305193 0.3570558 0.3968582 0.3368580 0.3357636 0.3417350 0.3200416 0.3935960 0.3596157 0.3742460 0.3779377 0.3854778 0.3828320 0.3846243 0.3968334 0.3843902 0.3610535 0.3919681 0.3706172 0.3702691 0.3681075 0.3677615 0.3744336 0.3439032 0.3608589 0.3921771 0.4474067 0.9058300 0.8930430 0.9696486 1.0282151 1.1189600 0.8571911 0.9142889 0.9916494 0.9280235 0.9587381 0.8731975 0.7573101 0.7357700 0.8047971 0.7916670 1.2044256 0.9528203 0.8929764 1.0365747 1.0636654 1.1901337 1.1034739 0.8898176 1.0247273 0.7154954 1.0220563 1.1609760 0.7617438 1.1493857 0.9477027 1.0766563 1.1096394 1.0961162 1.1020237 1.1106598 0.7940589 1.0626151 0.9887115 0.9672862 0.9591577 
Alouatta_discolor            0.0160951 0.0769430 0.0000000 0.0582221 0.0795904 0.0705473 0.0767463 0.1041339 0.0665522 0.0743078 0.0802515 0.0741248 0.0190444 0.2694316 0.2422797 0.2421674 0.2426175 0.2659331 0.2620220 0.2597002 0.2183537 0.2124514 0.2253101 0.2174940 0.2149119 0.2217758 0.2105351 0.2471041 0.2431583 0.3653060 0.3655616 0.3456436 0.3508220 0.3504399 0.3626743 0.3982344 0.3635617 0.3717681 0.3624104 0.3719097 0.3311518 0.3789332 0.4134362 0.3661860 0.3297092 0.3285958 0.3892895 0.4015359 0.3938528 0.3872760 0.4039578 0.3312307 0.3339253 0.3501499 0.3891581 0.3663209 0.3508702 0.3693787 0.3665123 0.4404735 0.3480069 0.3330554 0.3385419 0.3170954 0.3288066 0.3114026 0.3275864 0.4155071 0.4274036 0.4317765 0.3921964 0.4006563 0.2350947 0.3774067 0.4131304 0.3741642 0.4254558 0.3739509 0.3952083 0.3850067 0.3937526 0.4036123 0.3377224 0.3234111 0.3229762 0.3384633 0.3286160 0.3404282 0.3212768 0.3383897 0.6879449 0.6806417 0.3672345 0.3481693 0.3610513 0.3640175 0.3664276 0.3656957 0.3713602 0.3477075 0.3735852 0.3920551 0.4056689 0.4128313 0.3853620 0.3941883 0.4076135 0.4102216 0.4101372 0.3872894 0.4042316 0.3742221 0.3720340 0.3721385 0.3828709 0.4031359 0.4705421 0.3947855 0.3869314 0.3948431 0.3864797 0.4170481 0.3998809 0.4158447 0.3714521 0.3890069 0.3804507 0.3874592 0.4048483 0.3786059 0.3640426 0.3922576 0.3716096 0.3712546 0.3742058 0.3687012 0.3703474 0.3444152 0.3565639 0.3757594 0.4441938 0.8856896 0.8652696 0.9058076 0.9843631 1.0328306 0.8625189 0.8671677 0.9469953 0.9365198 0.9138285 0.8083935 0.6907286 0.6704349 0.7989502 0.7303673 1.1326849 0.9594432 0.8730155 0.9654133 0.9686901 1.1397692 1.0592161 0.8661500 0.9812067 0.7002963 0.9967221 1.1303403 0.7354805 1.1246409 0.9587988 1.0572474 1.1006946 1.1068538 1.0371433 1.0922348 0.7824650 0.9542431 0.9824109 0.9363104 0.8980697 
Alouatta_guariba             0.0558950 0.0653721 0.0582221 0.0000000 0.0764922 0.0662526 0.0698922 0.0961295 0.0806022 0.0699168 0.0747227 0.0697495 0.0593554 0.2589936 0.2301936 0.2261897 0.2271270 0.2637165 0.2398016 0.2375980 0.2064165 0.1973019 0.2129954 0.2157280 0.1962760 0.2131840 0.1992793 0.2380420 0.2586344 0.3473623 0.3533104 0.3232388 0.3282380 0.3278843 0.3441249 0.3633922 0.3535798 0.3514854 0.3453261 0.3518184 0.3202073 0.3644581 0.3776379 0.3465778 0.3457977 0.3379592 0.3724548 0.3863327 0.3744790 0.3735038 0.3897353 0.3271842 0.3303590 0.3454198 0.3894741 0.3637632 0.3560168 0.3718174 0.3639496 0.4464264 0.3415341 0.3331318 0.3577799 0.3080120 0.3282239 0.3073817 0.3232187 0.3832950 0.3833383 0.3983732 0.3609572 0.3682083 0.2552140 0.3547569 0.3874869 0.3578108 0.4056310 0.3576015 0.3709062 0.3557388 0.3631635 0.3836827 0.3265420 0.3257344 0.3032670 0.3232314 0.3239736 0.3430648 0.3287672 0.3180752 0.6073412 0.6246849 0.3638588 0.3450440 0.3603249 0.3685504 0.3707810 0.3648825 0.3756679 0.3447000 0.3726374 0.3634164 0.3530811 0.3803068 0.3594309 0.3625230 0.3656616 0.3727026 0.3777049 0.3561936 0.3820794 0.3486786 0.3341286 0.3440287 0.3561506 0.3593937 0.4195708 0.3428842 0.3499346 0.3705014 0.3570245 0.4279291 0.3561770 0.3829585 0.3466672 0.3601117 0.3568600 0.3737929 0.3761121 0.3632718 0.3458656 0.3751638 0.3531519 0.3478317 0.3556719 0.3503396 0.3569575 0.3266341 0.3484713 0.3670295 0.4467962 0.8666237 0.8389385 0.9046665 0.9954278 1.0626350 0.8377033 0.8819146 0.9717579 0.9973102 0.9193325 0.8390393 0.7086095 0.7096235 0.8013889 0.7699219 1.2102769 0.9716750 0.8859070 0.9937692 1.0144694 1.1776910 1.0526643 0.8916768 0.9974668 0.7165102 0.9705865 1.1254016 0.7543521 1.1459883 0.9732691 1.0697500 1.0698956 1.1007785 1.0709312 1.0772432 0.7731256 0.9836285 0.9820961 0.9719145 0.9518724 
Alouatta_juara               0.0810428 0.0680164 0.0795904 0.0764922 0.0000000 0.0513627 0.0594391 0.1005856 0.0862791 0.0492979 0.0084288 0.0491903 0.0848512 0.2567575 0.2480276 0.2479113 0.2320617 0.2532732 0.2555591 0.2532304 0.1988175 0.2002154 0.2219249 0.2176434 0.2171152 0.2240415 0.1983410 0.2304293 0.2671186 0.3631716 0.3775750 0.3499292 0.3552184 0.3548250 0.3692599 0.4028385 0.3760011 0.3571981 0.3817220 0.3857606 0.3441818 0.3696329 0.3839247 0.3757827 0.3077401 0.3445252 0.4044363 0.3967923 0.3800255 0.3734904 0.3901893 0.3214965 0.3497294 0.3712386 0.4216531 0.3843810 0.3668193 0.3929749 0.3845882 0.4907064 0.3709406 0.3673033 0.3799243 0.3336087 0.3372763 0.3176432 0.3442707 0.4214090 0.4232501 0.4334183 0.4104589 0.4173526 0.2482622 0.3558363 0.3694555 0.3683640 0.4083477 0.3738725 0.3648054 0.3550122 0.3444580 0.3779435 0.3306022 0.3214500 0.3179787 0.3428404 0.3379183 0.3440655 0.3224505 0.3529124 0.7182155 0.7361927 0.3746732 0.3779006 0.3755865 0.3791348 0.3811056 0.3804409 0.3862557 0.3721574 0.3830250 0.3659422 0.3594361 0.3899978 0.3599900 0.3774136 0.3765559 0.3435667 0.3873369 0.3566603 0.3865307 0.3543324 0.3471640 0.3416898 0.3695481 0.3892102 0.4614776 0.3804633 0.3620518 0.3897631 0.3563185 0.4326506 0.3745540 0.3962345 0.3784750 0.3903133 0.3815660 0.3833643 0.3895876 0.3762176 0.3647927 0.3852569 0.3802506 0.3798858 0.3828779 0.3773020 0.3789571 0.3527833 0.3650276 0.4054465 0.4535880 0.9682804 0.9227937 0.9953950 1.1097027 1.1601594 0.9245892 0.9699663 1.0597992 0.9936494 0.9923458 0.8649580 0.7365765 0.7432650 0.8431869 0.7999462 1.2222328 0.9974263 0.9584224 1.0653896 1.0994177 1.2162310 1.1448088 0.8846968 1.0276339 0.7269901 1.0613706 1.1936324 0.8162463 1.1922758 1.0509918 1.1397104 1.1550378 1.1669475 1.1074122 1.1521815 0.8361209 1.0757683 1.0493237 1.0305970 0.9844759 
Alouatta_macconnelli         0.0656270 0.0581099 0.0705473 0.0662526 0.0513627 0.0000000 0.0083942 0.0941894 0.0773284 0.0410734 0.0521562 0.0409873 0.0692215 0.2565821 0.2454980 0.2413458 0.2417761 0.2603871 0.2569900 0.2546979 0.2051419 0.2029816 0.2260107 0.2368803 0.2233314 0.2225243 0.2011226 0.2329090 0.2669576 0.3670538 0.3893104 0.3603508 0.3655922 0.3592438 0.3689344 0.3946423 0.3824802 0.3528857 0.3635333 0.3730295 0.3376288 0.3833809 0.3686529 0.3727607 0.3292641 0.3318873 0.3891802 0.3947006 0.3788583 0.3778378 0.3945012 0.3406373 0.3492012 0.3537620 0.3766682 0.3722795 0.3495093 0.3746757 0.3724732 0.4382489 0.3649032 0.3371779 0.3338470 0.3353161 0.3389832 0.3243729 0.3408168 0.4164707 0.4329090 0.4372989 0.4075493 0.4099048 0.2535509 0.3407331 0.3667463 0.3490320 0.3970924 0.3543486 0.3437472 0.3477606 0.3560122 0.3611458 0.3376173 0.3162025 0.3298142 0.3340982 0.3334410 0.3309733 0.3292645 0.3445884 0.6498323 0.6418646 0.3742527 0.3702705 0.3751517 0.3702395 0.3752792 0.3745946 0.3802890 0.3658869 0.3771664 0.3649638 0.3655701 0.3854857 0.3549350 0.3755423 0.3920305 0.3724709 0.3828432 0.3662711 0.3928246 0.3441054 0.3404243 0.3453350 0.3533209 0.3669580 0.4493867 0.3803880 0.3623516 0.3676896 0.3490182 0.4132633 0.3868250 0.3728901 0.3905055 0.4031438 0.3832991 0.3865576 0.4039898 0.3829353 0.3734310 0.3800872 0.3699527 0.3638404 0.3667332 0.3613335 0.3629590 0.3374371 0.3601508 0.3942553 0.4544199 0.9204794 0.8989879 0.9620788 1.0721790 1.0803640 0.8842721 0.9195633 1.0192612 0.9855219 0.9458476 0.8591972 0.7350182 0.7193287 0.8097190 0.7751446 1.2296567 0.9735623 0.9261273 1.0259931 1.0564087 1.2085430 1.1116311 0.8932041 1.0686407 0.7186219 1.0386909 1.1843604 0.7673373 1.1910698 1.0135081 1.1322699 1.1232079 1.1431261 1.0982456 1.1232922 0.7968892 1.0385388 1.0181469 0.9886654 0.9659205 
Alouatta_nigerrima           0.0741572 0.0639930 0.0767463 0.0698922 0.0594391 0.0083942 0.0000000 0.1008446 0.0844970 0.0443323 0.0601975 0.0442380 0.0778527 0.2503629 0.2433735 0.2392356 0.2436812 0.2541517 0.2548376 0.2525537 0.2143738 0.2121658 0.2281670 0.2391271 0.2327830 0.2320898 0.2102732 0.2425842 0.2691990 0.3616578 0.3837932 0.3549664 0.3601872 0.3538712 0.3583186 0.3890760 0.3767719 0.3475116 0.3661619 0.3756892 0.3294586 0.3912262 0.3685232 0.3780601 0.3365510 0.3246087 0.4000802 0.4059207 0.3842426 0.3886994 0.4055043 0.3536528 0.3572953 0.3437283 0.3676409 0.3671217 0.3444486 0.3694489 0.3673113 0.4291472 0.3647807 0.3315899 0.3220396 0.3428486 0.3517599 0.3368311 0.3535517 0.4191024 0.4299394 0.4343215 0.4101278 0.4070199 0.2592793 0.3325649 0.3583390 0.3543864 0.3940935 0.3597245 0.3354461 0.3394695 0.3476183 0.3637602 0.3425429 0.3160815 0.3369892 0.3418607 0.3462771 0.3437769 0.3316972 0.3524267 0.6609513 0.6298147 0.3714576 0.3674328 0.3723643 0.3673679 0.3724918 0.3717924 0.3774767 0.3631598 0.3743793 0.3595660 0.3654434 0.3800399 0.3555245 0.3700373 0.3861438 0.3723437 0.3774060 0.3608576 0.3899529 0.3387738 0.3351674 0.3399868 0.3504613 0.3695225 0.4523180 0.3774148 0.3705492 0.3648001 0.3406817 0.4041899 0.3953003 0.3754741 0.3842514 0.3969160 0.3771731 0.3803436 0.4030143 0.3767551 0.3673486 0.3736100 0.3546680 0.3486430 0.3514932 0.3461644 0.3527868 0.3323324 0.3499654 0.3835870 0.4609607 0.9121270 0.8990010 0.9494884 1.0591091 1.0629950 0.9004744 0.9111454 1.0278106 0.9770598 0.9376267 0.8550584 0.7272706 0.7116959 0.7948846 0.7674310 1.2206099 0.9565259 0.9217077 1.0176498 1.0393545 1.2010011 1.0941671 0.8891378 1.0599162 0.7185747 1.0135564 1.1754809 0.7759922 1.2187593 0.9878311 1.1102258 1.1232905 1.1432164 1.0983188 1.1058472 0.7888815 1.0343370 1.0011905 0.9803281 0.9534290 
Alouatta_palliata            0.0959874 0.1053988 0.1041339 0.0961295 0.1005856 0.0941894 0.1008446 0.0000000 0.0496442 0.1117967 0.0984628 0.1114808 0.0999404 0.2576501 0.2656442 0.2613183 0.2529014 0.2708664 0.2887448 0.2863162 0.2225844 0.2207209 0.2369771 0.2228189 0.2271649 0.2301141 0.2188021 0.2472843 0.2733637 0.3882722 0.4064861 0.3803237 0.3856763 0.3731076 0.3795078 0.4229908 0.4040324 0.3840165 0.4159215 0.4222883 0.3651099 0.4039317 0.4115881 0.3998725 0.3617781 0.3327928 0.4128368 0.3936183 0.3841916 0.3823955 0.4004899 0.3550161 0.3913614 0.3934330 0.4260873 0.4015601 0.3837381 0.3983619 0.4017822 0.4922772 0.3880787 0.3773084 0.3652740 0.3687441 0.3543009 0.3466608 0.3585625 0.4391541 0.4655833 0.4845993 0.4601167 0.4569451 0.2749571 0.3658823 0.3887525 0.3935770 0.4194755 0.3933632 0.3657810 0.3662128 0.3808961 0.3936648 0.3508768 0.3500207 0.3358462 0.3373919 0.3385760 0.3522407 0.3339801 0.3511009 0.7311173 0.7010786 0.3857608 0.3685581 0.3847215 0.3969386 0.3956045 0.3950260 0.4008329 0.3647287 0.4029058 0.4010526 0.3835959 0.4021481 0.3978506 0.3958268 0.4005550 0.4104735 0.3994487 0.3907819 0.3761049 0.3974521 0.3753322 0.3809097 0.3922773 0.3962011 0.4846632 0.4104481 0.3939339 0.3990175 0.3675573 0.4716367 0.4136343 0.4087246 0.3710979 0.4049037 0.4022428 0.3941291 0.4156716 0.4012961 0.3758427 0.4046377 0.3994170 0.3990365 0.4126651 0.3964237 0.3980744 0.3935463 0.3945223 0.4270040 0.4880976 0.9560683 0.9146646 1.0121689 1.0664765 1.1269571 0.9014699 0.9866449 1.0239837 1.0058677 1.0161211 0.9004487 0.7625680 0.7476162 0.8461262 0.8510969 1.2384988 0.9827887 0.9402996 1.0580862 1.0802975 1.1618995 1.1173648 0.9423909 1.0658590 0.7382119 1.0355941 1.1778476 0.8596655 1.1802077 1.0042487 1.1513324 1.1253951 1.1684062 1.0910269 1.1081451 0.8447486 1.0457364 1.0151807 1.0281779 0.9797373 
Alouatta_pigra               0.0702131 0.0926586 0.0665522 0.0806022 0.0862791 0.0773284 0.0844970 0.0496442 0.0000000 0.0865805 0.0875141 0.0844512 0.0736848 0.2482824 0.2090248 0.2061527 0.2392420 0.2346246 0.2506743 0.2505100 0.1853590 0.1776949 0.1897625 0.1961750 0.1648815 0.1878264 0.1776949 0.2043044 0.2546965 0.3829410 0.3725141 0.3550628 0.3588301 0.3599234 0.3724903 0.3998149 0.3549593 0.3759901 0.3773828 0.3770365 0.3203544 0.3704468 0.4063875 0.3749508 0.3556329 0.3392706 0.3429581 0.3391246 0.3490807 0.3423412 0.3469208 0.3443374 0.3459194 0.3396528 0.3894711 0.3605819 0.3378925 0.3611945 0.3608510 0.4719152 0.3399743 0.3534330 0.3363192 0.3214939 0.3298501 0.3210478 0.3299963 0.4364989 0.4381337 0.4569866 0.4344291 0.4161182 0.2430749 0.3248202 0.3723376 0.3539032 0.3901582 0.3583150 0.3372804 0.3475952 0.3632182 0.3837981 0.3217393 0.3150993 0.3217393 0.3215950 0.3090205 0.3278830 0.3111494 0.3322777 1.3537734 1.3332450 0.4256585 0.3966374 0.4203717 0.4247300 0.4328576 0.4281781 0.4328576 0.4088974 0.4312416 0.3899650 0.4041134 0.4028785 0.4080703 0.3942185 0.4047629 0.3663224 0.3950896 0.3837939 0.4100267 0.4042470 0.3772420 0.3701578 0.3800258 0.3364012 0.4599432 0.3943541 0.3796256 0.4051013 0.3532992 0.4298467 0.3844702 0.3644273 0.4088517 0.4346357 0.4218340 0.4055752 0.4449109 0.4182177 0.3930687 0.4256390 0.3501782 0.3496984 0.3610615 0.3461113 0.3484638 0.3620473 0.3459342 0.3822560 0.4670271 0.8532001 0.8548216 0.9835529 1.0635082 1.0814009 0.8137138 0.7718215 0.8314349 0.9419877 0.9538353 0.9608964 0.5664711 0.5180723 0.6599223 0.6034027 1.1261219 0.8899053 0.8876664 0.9770391 0.9926638 1.1300017 0.9612695 0.7152442 0.9274980 0.5295207 0.9295243 1.0060653 0.7019014 1.0230900 0.9068084 1.1523753 0.8590999 0.9621693 0.9395339 0.9476260 0.6143462 1.0540283 0.9210930 0.8859849 0.9367682 
Alouatta_sara                0.0693155 0.0593394 0.0743078 0.0699168 0.0492979 0.0410734 0.0443323 0.1117967 0.0865805 0.0000000 0.0489086 0.0018443 0.0729578 0.2503240 0.2352955 0.2312012 0.2336765 0.2500536 0.2406217 0.2383862 0.1915719 0.1999629 0.2192612 0.2195666 0.2059530 0.2013676 0.1981083 0.2298473 0.2667718 0.3393403 0.3577047 0.3268700 0.3319917 0.3258370 0.3412098 0.3661483 0.3553982 0.3530657 0.3431108 0.3523878 0.3178947 0.3742265 0.3635372 0.3750109 0.3207737 0.3308494 0.3876519 0.3902999 0.3855681 0.3734729 0.3901846 0.3187470 0.3379496 0.3299183 0.3726810 0.3457047 0.3355692 0.3585731 0.3458788 0.4242825 0.3507899 0.3295077 0.3442091 0.3277598 0.3262657 0.3119357 0.3332417 0.3865391 0.3858410 0.3790267 0.3682098 0.3596092 0.2442364 0.3497750 0.3450400 0.3444631 0.3926809 0.3497927 0.3529540 0.3514743 0.3261770 0.3621944 0.3090910 0.3003123 0.2928131 0.3303625 0.3368481 0.3376726 0.3197553 0.3355699 0.6263097 0.6178074 0.3534429 0.3353868 0.3544022 0.3517322 0.3545302 0.3537339 0.3593699 0.3411437 0.3564249 0.3705006 0.3657958 0.3804541 0.3565668 0.3696737 0.3780126 0.3510472 0.3778094 0.3551928 0.3822592 0.3449586 0.3405557 0.3402469 0.3479417 0.3618237 0.4233436 0.3542166 0.3467537 0.3649121 0.3527600 0.4246581 0.3708360 0.3685056 0.3644512 0.3728165 0.3591278 0.3658621 0.3779905 0.3630396 0.3530722 0.3641034 0.3356729 0.3353525 0.3332039 0.3328858 0.3394941 0.3042991 0.3310027 0.3534720 0.4350184 0.9225159 0.8996813 0.9411061 1.0233969 1.0958037 0.8644690 0.9258978 0.9975436 0.9888718 0.9842660 0.8489125 0.7127638 0.7229719 0.8105871 0.7930950 1.2437261 0.9683066 0.9425709 0.9885020 1.0541545 1.1736439 1.1267250 0.8956994 1.0485026 0.7070681 1.0140091 1.1491231 0.7505137 1.2101976 1.0098350 1.1191574 1.1095110 1.1386498 1.0791402 1.1162418 0.7853100 1.0076806 0.9757757 0.9681217 1.0087849 
Alouatta_seniculus           0.0791946 0.0663558 0.0802515 0.0747227 0.0084288 0.0521562 0.0601975 0.0984628 0.0875141 0.0489086 0.0000000 0.0488020 0.0829512 0.2482934 0.2402052 0.2400941 0.2247087 0.2494084 0.2475691 0.2453059 0.1913322 0.1927048 0.2193178 0.2200868 0.2092201 0.2122214 0.1908807 0.2258005 0.2577450 0.3388346 0.3577590 0.3259620 0.3310553 0.3306930 0.3446717 0.3767813 0.3554713 0.3381216 0.3683352 0.3721950 0.3320682 0.3605630 0.3639052 0.3664276 0.2997650 0.3244919 0.3859389 0.3783168 0.3623634 0.3560970 0.3661206 0.3185387 0.3368709 0.3600014 0.4007923 0.3728363 0.3507346 0.3810826 0.3730306 0.4579735 0.3499427 0.3492484 0.3600339 0.3155990 0.3190617 0.2954878 0.3209276 0.3961929 0.4014672 0.4113167 0.3895424 0.3960874 0.2408585 0.3432299 0.3527934 0.3606704 0.3920235 0.3604578 0.3517638 0.3502987 0.3339405 0.3644965 0.3151363 0.3063018 0.3033441 0.3262560 0.3217953 0.3277416 0.3068380 0.3360082 0.6203755 0.6351513 0.3516016 0.3508383 0.3525602 0.3552165 0.3578921 0.3571176 0.3627354 0.3495886 0.3597764 0.3518353 0.3406117 0.3700882 0.3459663 0.3593967 0.3555815 0.3269637 0.3675053 0.3376615 0.3610839 0.3404760 0.3286308 0.3230978 0.3547990 0.3776624 0.4365804 0.3593190 0.3415993 0.3690199 0.3515711 0.4271128 0.3646178 0.3844469 0.3569189 0.3634912 0.3550435 0.3617027 0.3696844 0.3496954 0.3439166 0.3570466 0.3636109 0.3632665 0.3661650 0.3607542 0.3623839 0.3367985 0.3488025 0.3824314 0.4304691 0.9170006 0.8806120 0.9607492 1.0585015 1.1097371 0.8820080 0.9248138 1.0160505 0.9619266 0.9570580 0.8433936 0.7018215 0.7164916 0.8130925 0.7793968 1.1959398 0.9510263 0.9457455 1.0206122 1.0509447 1.1673099 1.1139528 0.8455822 1.0014345 0.6876688 1.0166044 1.1451085 0.7879128 1.1734709 1.0136031 1.0827943 1.1068988 1.1176814 1.0697331 1.1124310 0.8184340 1.0352622 1.0042665 0.9865331 0.9684500 
Alouatta_puruensis           0.0691486 0.0592036 0.0741248 0.0697495 0.0491903 0.0409873 0.0442380 0.1114808 0.0844512 0.0018443 0.0488020 0.0000000 0.0727794 0.2451639 0.2302937 0.2262515 0.2287258 0.2449094 0.2355738 0.2333685 0.1908469 0.1991931 0.2183770 0.2163641 0.2051543 0.2005844 0.1973489 0.2289059 0.2653728 0.3322724 0.3503711 0.3199396 0.3249988 0.3189303 0.3341255 0.3586718 0.3478076 0.3457519 0.3355708 0.3446968 0.3107910 0.3666685 0.3560606 0.3673280 0.3146234 0.3290527 0.3797772 0.3821895 0.3776541 0.3657279 0.3822326 0.3117905 0.3304630 0.3281053 0.3701704 0.3437762 0.3337195 0.3565287 0.3439479 0.4330962 0.3488180 0.3274795 0.3418975 0.3208587 0.3193505 0.3052833 0.3262731 0.3787348 0.3779742 0.3712265 0.3607229 0.3521821 0.2431984 0.3422633 0.3375273 0.3368580 0.3845075 0.3421216 0.3453012 0.3438737 0.3188556 0.3544200 0.3025037 0.2938512 0.2866167 0.3231940 0.3297264 0.3305376 0.3128427 0.3283303 0.6147720 0.6060105 0.3513653 0.3334124 0.3523244 0.3496053 0.3524516 0.3516494 0.3572431 0.3391948 0.3543349 0.3630215 0.3584644 0.3729001 0.3492028 0.3621149 0.3699095 0.3438569 0.3702839 0.3478779 0.3745457 0.3377414 0.3334752 0.3330771 0.3458478 0.3542393 0.4143535 0.3464921 0.3391546 0.3626881 0.3451096 0.4218044 0.3628071 0.3608136 0.3623079 0.3706414 0.3570523 0.3637154 0.3757661 0.3609175 0.3510408 0.3618675 0.3288703 0.3285582 0.3264298 0.3261199 0.3326616 0.3026407 0.3242492 0.3514212 0.4251953 0.9063701 0.8843557 0.9447015 1.0276879 1.0778066 0.8491924 0.9096106 1.0016539 0.9720046 0.9680088 0.8335646 0.6992423 0.7095998 0.8038547 0.7867994 1.2237072 0.9537614 0.9254745 0.9717777 1.0367357 1.1552833 1.1081717 0.8802911 1.0305959 0.6938507 0.9971512 1.1544825 0.7445240 1.1909286 0.9924747 1.1006889 1.0934119 1.1310287 1.0614694 1.0977264 0.7788052 1.0117169 0.9589193 0.9536146 0.9922326 
Alouatta_ululata             0.0027621 0.0732959 0.0190444 0.0593554 0.0848512 0.0692215 0.0778527 0.0999404 0.0736848 0.0729578 0.0829512 0.0727794 0.0000000 0.2599951 0.2412307 0.2411192 0.2375722 0.2606589 0.2567720 0.2544753 0.2145571 0.2086985 0.2210525 0.2104406 0.2147823 0.2138633 0.2067963 0.2431246 0.2493478 0.3736867 0.3793187 0.3480155 0.3532034 0.3469371 0.3703112 0.4014857 0.3723203 0.3670311 0.3602294 0.3697169 0.3397469 0.3768501 0.4030929 0.3722267 0.3231858 0.3163733 0.3956873 0.4069755 0.3991733 0.3925510 0.4093009 0.3245103 0.3437998 0.3492780 0.3820077 0.3712219 0.3450000 0.3743517 0.3714172 0.4352442 0.3561133 0.3320839 0.3462789 0.3125733 0.3142677 0.3020031 0.3129472 0.4069600 0.4251589 0.4351807 0.4008458 0.4031578 0.2403178 0.3799528 0.4043379 0.3676039 0.4244088 0.3673917 0.3864623 0.3875876 0.3906742 0.3968695 0.3342555 0.3301593 0.3196673 0.3316121 0.3295989 0.3362337 0.3331482 0.3393778 0.6475933 0.6393948 0.3723154 0.3586032 0.3766551 0.3747047 0.3714949 0.3761055 0.3764744 0.3577660 0.3839784 0.3873060 0.3902752 0.4080784 0.3859998 0.3785000 0.3996667 0.4054895 0.4053873 0.3825408 0.3939095 0.3748390 0.3673518 0.3673944 0.3751442 0.3973280 0.4682792 0.3860409 0.3662183 0.3926879 0.3862642 0.4276907 0.3968114 0.4043346 0.3791270 0.3907067 0.3821443 0.3891753 0.4020202 0.3810411 0.3657266 0.3940592 0.3758559 0.3754973 0.3784583 0.3729380 0.3745827 0.3486278 0.3607772 0.3748221 0.4350955 0.8866252 0.8738959 0.9139396 0.9821126 1.0251765 0.8554837 0.8773623 0.9310032 0.9480635 0.9146608 0.8235596 0.6927077 0.6713741 0.7870799 0.7313516 1.1237135 0.9603807 0.8859314 0.9673487 0.9873872 1.1419365 1.0720228 0.8699631 0.9982470 0.7181516 1.0058245 1.1168843 0.7227357 1.1201266 0.9523449 1.0550635 1.1048138 1.1110529 1.0516742 1.1050056 0.7883692 0.9688916 1.0083369 0.9278079 0.9001806 
Aotus_azarae                 0.2620684 0.2605007 0.2694316 0.2589936 0.2567575 0.2565821 0.2503629 0.2576501 0.2482824 0.2503240 0.2482934 0.2451639 0.2599951 0.0000000 0.0916158 0.0915878 0.0919917 0.0430119 0.0916198 0.0902752 0.3124903 0.3113590 0.3235911 0.3139656 0.3198264 0.3220441 0.3140013 0.3453063 0.3173774 0.4357569 0.4091856 0.3964275 0.4018148 0.3837974 0.4322217 0.4469617 0.4053330 0.3977714 0.4040673 0.3996506 0.3897471 0.3946050 0.4079222 0.4006375 0.3387738 0.3273703 0.4016694 0.3839961 0.3685715 0.3774007 0.3788692 0.3308807 0.3468768 0.3541088 0.3776276 0.3502324 0.3506277 0.3572157 0.3504051 0.4562616 0.3485702 0.3616538 0.3290776 0.3812740 0.3763693 0.3748638 0.3912859 0.4663733 0.4779504 0.4673141 0.4514108 0.4624715 0.3196375 0.3909038 0.3823351 0.4075024 0.4392519 0.4127904 0.3950824 0.4137071 0.3792940 0.4311497 0.3398140 0.3354163 0.3461766 0.3549016 0.3682807 0.3572378 0.3460039 0.3760787 0.6308149 0.6161890 0.4059597 0.3988892 0.3913285 0.4036647 0.4074310 0.4042583 0.4100056 0.3939330 0.4032057 0.4229610 0.3985908 0.4138216 0.3979208 0.4151990 0.4181164 0.3979182 0.4111263 0.4153213 0.4116120 0.3975255 0.4103816 0.4082762 0.4371868 0.4452602 0.4519890 0.3877753 0.4035358 0.4484157 0.4133973 0.4875689 0.3906974 0.4616583 0.3928853 0.4153243 0.4094866 0.4277946 0.4180775 0.4086691 0.3933503 0.4012525 0.3501614 0.3547025 0.3623802 0.3522852 0.3538639 0.3478701 0.3407776 0.3789036 0.4899784 0.9963127 1.0129565 0.9921406 1.0033024 1.1242350 0.9525827 0.9941743 1.0710375 1.0540902 1.0206523 0.9371827 0.8841393 0.9010187 0.9466370 0.9710947 1.1486101 1.1107682 0.9517199 1.0539465 1.1400169 1.0843986 1.1112900 1.0031544 1.0399950 0.8863842 1.1324917 1.2990796 0.9230295 1.2051391 1.1222472 1.0202528 1.1678998 1.1605918 1.1864725 1.0508322 0.9167081 1.0392159 1.2082405 1.1288079 0.9738358 
Aotus_griseimembra           0.2432630 0.2427411 0.2422797 0.2301936 0.2480276 0.2454980 0.2433735 0.2656442 0.2090248 0.2352955 0.2402052 0.2302937 0.2412307 0.0916158 0.0000000 0.0018347 0.0795905 0.1008603 0.0889441 0.0876131 0.3042911 0.2987936 0.3145386 0.3162762 0.3012365 0.2938084 0.3013823 0.3244426 0.2639739 0.4486611 0.4363332 0.4277924 0.4333809 0.4098855 0.4450315 0.4696994 0.4177868 0.4054404 0.4068341 0.3909321 0.3693983 0.4070224 0.4211114 0.4202406 0.3404402 0.3148703 0.3974173 0.4235558 0.3965017 0.4060596 0.4025965 0.3574139 0.3341881 0.3353907 0.3633773 0.3350102 0.3343754 0.3472022 0.3351709 0.4097257 0.3394845 0.3347765 0.3404406 0.3442607 0.3689257 0.3308211 0.3464971 0.4671115 0.4861457 0.4709844 0.4547009 0.4602646 0.2761224 0.3865656 0.3988876 0.3942015 0.4178219 0.3995426 0.3915661 0.4041765 0.4013438 0.4424166 0.3096613 0.3236393 0.3164260 0.3621663 0.3689956 0.3635780 0.3438280 0.3621158 0.5929662 0.5980176 0.4102549 0.3882273 0.4088938 0.4110028 0.4253045 0.4221775 0.4280296 0.4077978 0.4209702 0.4238963 0.4007860 0.4213982 0.4028954 0.4146527 0.4288516 0.3954936 0.4187057 0.4066180 0.4423815 0.4079359 0.4052147 0.4022919 0.4680978 0.4425864 0.4484980 0.3757766 0.4020978 0.4738215 0.4038066 0.4980060 0.3826583 0.4707602 0.3827913 0.3806336 0.3698860 0.3925683 0.3984720 0.3712624 0.3590290 0.3774698 0.3355822 0.3352713 0.3380087 0.3328846 0.3344682 0.3242184 0.3310622 0.3404126 0.4778275 1.0326152 1.0026233 1.0232654 1.0517166 1.1911919 0.9471373 1.0013846 1.0488544 1.0983290 1.0205524 0.9536191 0.9058555 0.9295738 0.9342702 0.9581287 1.1887945 1.0972221 0.9758418 1.0603561 1.1714923 1.0881384 1.0997682 1.0319531 1.0522844 0.9146131 1.1319656 1.2263180 0.9633751 1.1410953 1.1520954 1.1345647 1.1186811 1.1280354 1.1821165 1.0226326 0.9014467 0.9706389 1.1878969 1.1094868 0.9817116 
Aotus_lemurinus              0.2431506 0.2385852 0.2421674 0.2261897 0.2479113 0.2413458 0.2392356 0.2613183 0.2061527 0.2312012 0.2400941 0.2262515 0.2411192 0.0915878 0.0018347 0.0000000 0.0795678 0.1008282 0.0889173 0.0875869 0.3047162 0.2992126 0.3149810 0.3194713 0.3016564 0.2942243 0.3018049 0.3248878 0.2589592 0.4484976 0.4361666 0.4276256 0.4332147 0.4097174 0.4448675 0.4695375 0.4176141 0.4052742 0.4066586 0.3907554 0.3692261 0.4068542 0.4209456 0.4200696 0.3366133 0.3099827 0.3921298 0.4180385 0.3911419 0.4007116 0.3972331 0.3521849 0.3340283 0.3352396 0.3631946 0.3348614 0.3342253 0.3470498 0.3350220 0.4140428 0.3393327 0.3346075 0.3402611 0.3390410 0.3635652 0.3257052 0.3412737 0.4610680 0.4800836 0.4650186 0.4488427 0.4543635 0.2717468 0.3809912 0.3932413 0.3884974 0.4120386 0.3938201 0.3859660 0.3985052 0.3956648 0.4365246 0.3046624 0.3185018 0.3114753 0.3568690 0.3637056 0.3582981 0.3386492 0.3568136 0.5831806 0.5880341 0.4100904 0.3826660 0.4087292 0.4108337 0.4251411 0.4220129 0.4278655 0.4023363 0.4208067 0.4237322 0.4006227 0.4212348 0.4027290 0.4144860 0.4286785 0.3953291 0.4185421 0.4064527 0.4422173 0.4077698 0.3996876 0.4021256 0.4621277 0.4367523 0.4422205 0.3701006 0.3962887 0.4678464 0.3981032 0.4978398 0.3769173 0.4648412 0.3833461 0.3811797 0.3704217 0.3931308 0.3990367 0.3718041 0.3595539 0.3780398 0.3306268 0.3303212 0.3330420 0.3279435 0.3295283 0.3192793 0.3261234 0.3354408 0.4710454 1.0336951 1.0036826 1.0148638 1.0431197 1.1826564 0.9470827 1.0108543 1.0499638 1.0896532 1.0205170 0.9535666 0.9150443 0.9295157 0.9352937 0.9670317 1.1888053 1.0886400 0.9672382 1.0519254 1.1630038 1.0796055 1.1008946 1.0329939 1.0436557 0.9156345 1.1330787 1.2275049 0.9643729 1.1422565 1.1520951 1.1260390 1.1197973 1.1377057 1.1758466 1.0237578 0.9024718 0.9621343 1.1890329 1.1105908 0.9736440 
Aotus_nancymaae              0.2395809 0.2350562 0.2426175 0.2271270 0.2320617 0.2417761 0.2436812 0.2529014 0.2392420 0.2336765 0.2247087 0.2287258 0.2375722 0.0919917 0.0795905 0.0795678 0.0000000 0.0986300 0.0842035 0.0828894 0.3163234 0.3086241 0.3045438 0.3038187 0.3023282 0.3058703 0.3062873 0.3342830 0.3015302 0.4328210 0.4046129 0.3876424 0.3930716 0.3864603 0.4292453 0.4477297 0.4101674 0.3767550 0.3513043 0.3551066 0.3337557 0.3411399 0.3973914 0.3658231 0.3516812 0.3375970 0.3476543 0.3973644 0.3734667 0.3857371 0.3899734 0.3322239 0.3264666 0.3007166 0.3616741 0.2960543 0.3091409 0.3073848 0.2961910 0.3724618 0.2904619 0.3136815 0.2845770 0.3345145 0.3387964 0.3166090 0.3367114 0.4282549 0.4412181 0.4305768 0.4123597 0.4231736 0.3031580 0.3668848 0.3870179 0.3685922 0.3917569 0.3738295 0.3809810 0.3915111 0.3677257 0.4000377 0.3168127 0.2931595 0.3210969 0.3513100 0.3530768 0.3469652 0.3363144 0.3461176 0.5445659 0.5691682 0.3759809 0.3643496 0.3772957 0.3835630 0.3879750 0.3847228 0.3904137 0.3691118 0.3838271 0.3751656 0.3616165 0.3813267 0.3689394 0.3759610 0.3983718 0.3599746 0.3787064 0.3600040 0.3869263 0.3685735 0.3616117 0.3518794 0.4259346 0.4248150 0.4152992 0.3843446 0.3799863 0.4278095 0.3910712 0.4510321 0.3597306 0.4525526 0.3786845 0.3892363 0.3834241 0.4066224 0.4073496 0.3849391 0.3723854 0.3753951 0.3008918 0.3052983 0.3079502 0.3029674 0.3045550 0.3084268 0.3011496 0.3198108 0.4536581 0.9919252 0.9762908 0.9866790 1.0304223 1.0778202 0.8872427 0.9567706 0.9885448 1.0416635 0.9713378 0.9451379 0.9030634 0.9012474 0.9982461 1.0197021 1.1648216 1.0457862 0.9296404 1.0075349 1.0885949 1.0219776 0.9953936 1.0082641 1.0520294 0.8325532 1.0720578 1.1756429 0.9009348 1.1145370 1.0471041 1.0651107 1.0923655 1.0929510 1.0875768 0.9731615 0.9374011 0.9826196 1.0877562 1.0710462 0.9294788 
Aotus_nigriceps              0.2627335 0.2560821 0.2659331 0.2637165 0.2532732 0.2603871 0.2541517 0.2708664 0.2346246 0.2500536 0.2494084 0.2449094 0.2606589 0.0430119 0.1008603 0.1008282 0.0986300 0.0000000 0.0952281 0.0938713 0.3170264 0.3248182 0.3282105 0.3212171 0.3199193 0.3215437 0.3274976 0.3457446 0.3340730 0.4410080 0.4036401 0.4078601 0.4132681 0.3951577 0.4374739 0.4475074 0.3940789 0.3899864 0.3915431 0.3871120 0.3693276 0.3616757 0.4043734 0.4116794 0.3351528 0.3489413 0.3901887 0.3948773 0.3770645 0.3808597 0.3880356 0.3418087 0.3556895 0.3517249 0.3767665 0.3423861 0.3530978 0.3498791 0.3425526 0.4593836 0.3510559 0.3539533 0.3343366 0.3661982 0.3708351 0.3708243 0.3863785 0.4783932 0.4727271 0.4678065 0.4463853 0.4573625 0.3316546 0.3891990 0.3920649 0.3905464 0.4336127 0.4019391 0.3872966 0.4056824 0.3998083 0.4303034 0.3206745 0.3260776 0.3254690 0.3610542 0.3642629 0.3639824 0.3408640 0.3712091 0.6181988 0.5807924 0.4280562 0.4034468 0.4018592 0.4145851 0.4180084 0.4148889 0.4206493 0.4043002 0.4137544 0.4212337 0.3969960 0.4183326 0.3908862 0.4072104 0.4152941 0.3970699 0.4156401 0.4027715 0.4032998 0.3904985 0.4087237 0.4011645 0.4363394 0.4449066 0.4333726 0.3860495 0.3782918 0.4483015 0.4115229 0.4880668 0.3664662 0.4604235 0.4033676 0.4169222 0.4111026 0.4390248 0.4299786 0.4103010 0.4051354 0.4137266 0.3495177 0.3540404 0.3568118 0.3516332 0.3532062 0.3521010 0.3449868 0.3675091 0.4878874 1.0445482 1.0297430 1.0383141 1.0128774 1.1633181 0.9842026 1.0215756 1.0879597 1.0670238 1.0569507 0.9270879 0.8932823 0.9174096 0.9377084 0.9416609 1.1177673 1.1000642 0.9643393 1.1051583 1.1597181 1.0931813 1.1361782 0.9828198 1.0330840 0.8957793 1.1147293 1.2711887 0.9520440 1.1696104 1.1432286 1.0187789 1.1759135 1.1686260 1.1796616 1.0862872 0.9226509 1.0324062 1.2146924 1.1501092 0.9716834 
Aotus_trivirgatus            0.2588410 0.2485762 0.2620220 0.2398016 0.2555591 0.2569900 0.2548376 0.2887448 0.2506743 0.2406217 0.2475691 0.2355738 0.2567720 0.0916198 0.0889441 0.0889173 0.0842035 0.0952281 0.0000000 0.0027595 0.2872999 0.2877647 0.2950486 0.3052743 0.2838104 0.2898177 0.2903300 0.3139620 0.3148416 0.4314579 0.4322644 0.4127412 0.4182620 0.4087406 0.4278767 0.4492220 0.4217420 0.4110915 0.3865187 0.3763301 0.3642645 0.3857914 0.4186582 0.4067478 0.3511718 0.3202390 0.3486230 0.3644504 0.3292848 0.3277345 0.3345124 0.3096571 0.3346383 0.3353393 0.3496865 0.3369348 0.3258881 0.3492877 0.3370984 0.4355024 0.3449323 0.3288361 0.3284381 0.3568834 0.3504772 0.3558165 0.3719298 0.4502583 0.4516671 0.4379803 0.4364035 0.4389904 0.3168655 0.3677392 0.3697116 0.3640332 0.3926567 0.3692569 0.3772631 0.3877106 0.3746761 0.4046292 0.3450731 0.3280471 0.3316543 0.3221727 0.3259437 0.3249361 0.3080633 0.3270531 0.5335454 0.5372971 0.4036936 0.3676851 0.3935981 0.3910553 0.4036549 0.4066051 0.4062111 0.3753592 0.3994314 0.4400902 0.4097586 0.4244629 0.4003009 0.4148950 0.4147238 0.4355993 0.4217412 0.4177901 0.4316702 0.4053843 0.4155058 0.4134518 0.4081036 0.4078155 0.4360478 0.3756750 0.3697545 0.4495099 0.3872490 0.4638617 0.3639670 0.4523422 0.3886935 0.3806206 0.3748336 0.4030638 0.4149567 0.3872971 0.3746404 0.3908393 0.3385956 0.3382834 0.3410240 0.3358942 0.3422910 0.3272428 0.3292794 0.3546507 0.4667035 1.0445555 1.0276413 0.9804785 1.0282957 1.1727617 0.9769268 1.0320744 1.0564840 1.0697439 1.0247701 0.9283915 0.8865258 0.8844727 0.9262593 0.9685975 1.0897519 1.1015059 0.9192033 1.0820950 1.1277805 1.0141564 1.1310806 1.0114432 1.0045266 0.8661295 1.0861492 1.2586068 0.8893502 1.1998005 1.1447726 1.0605957 1.1826452 1.1850605 1.1844433 1.0841183 0.9504561 1.0508298 1.1721732 1.1495930 0.9610442 
Aotus_vociferans             0.2565368 0.2463003 0.2597002 0.2375980 0.2532304 0.2546979 0.2525537 0.2863162 0.2505100 0.2383862 0.2453059 0.2333685 0.2544753 0.0902752 0.0876131 0.0875869 0.0828894 0.0938713 0.0027595 0.0000000 0.2805660 0.2858631 0.2881765 0.2998025 0.2771352 0.2830006 0.2884231 0.3070833 0.3118489 0.4228035 0.4235379 0.4041344 0.4096315 0.4001611 0.4192387 0.4403947 0.4127860 0.4043739 0.3795928 0.3694305 0.3575867 0.3791964 0.4118787 0.3998969 0.3519297 0.3175212 0.3410173 0.3565199 0.3216940 0.3256482 0.3324071 0.3069590 0.3317645 0.3278474 0.3471873 0.3294158 0.3184807 0.3415970 0.3295742 0.4263824 0.3373312 0.3204088 0.3225704 0.3489123 0.3482809 0.3479173 0.3638806 0.4411936 0.4426212 0.4290849 0.4276250 0.4301563 0.3143128 0.3666001 0.3685619 0.3628812 0.3914446 0.3680934 0.3761028 0.3865228 0.3735107 0.4033859 0.3440220 0.3270346 0.3306520 0.3193798 0.3231877 0.3277086 0.3107651 0.3242445 0.5351829 0.5166136 0.3953245 0.3593533 0.3852788 0.3887192 0.4013860 0.3981766 0.4039276 0.3672720 0.3971691 0.4332800 0.4031670 0.4177543 0.3936310 0.4081127 0.4107210 0.4270125 0.4150443 0.4110733 0.4247959 0.3986935 0.4088525 0.4067216 0.3993088 0.3991385 0.4286294 0.3690102 0.3630937 0.4405541 0.3860551 0.4613648 0.3573280 0.4434543 0.3875619 0.3853207 0.3795180 0.4019098 0.4137887 0.3861728 0.3735488 0.3896547 0.3310738 0.3307681 0.3334861 0.3283948 0.3347597 0.3197443 0.3218147 0.3469529 0.4639587 1.0424178 1.0173192 0.9762213 1.0177046 1.1620549 0.9665948 1.0299193 1.0433600 1.0568828 1.0143810 0.9162200 0.8743141 0.8744371 0.9162823 0.9666248 1.0766192 1.0992929 0.9243969 1.0714752 1.1171144 1.0120602 1.1180933 1.0014237 1.0097067 0.8541058 1.0839531 1.2541286 0.8863896 1.1954298 1.1315862 1.0520293 1.1783702 1.1807560 1.1720012 1.0710389 0.9404630 1.0465802 1.1699416 1.1453289 0.9490653 
Ateles_belzebuth             0.2163957 0.2050348 0.2183537 0.2064165 0.1988175 0.2051419 0.2143738 0.2225844 0.1853590 0.1915719 0.1913322 0.1908469 0.2145571 0.3124903 0.3042911 0.3047162 0.3163234 0.3170264 0.2872999 0.2805660 0.0000000 0.0312427 0.0649582 0.0683917 0.0598008 0.0522019 0.0323062 0.0644903 0.1901309 0.3833879 0.3969450 0.3654191 0.3706300 0.3643118 0.3746820 0.3971381 0.3869448 0.4123168 0.4143897 0.4186342 0.3944197 0.4153244 0.4371934 0.3843151 0.3357115 0.3655619 0.4149747 0.4354727 0.4189598 0.4066984 0.4228600 0.4040739 0.4373477 0.3848946 0.4257691 0.3781766 0.3735373 0.4027930 0.3783752 0.4541090 0.3914449 0.3512450 0.3744117 0.3848305 0.3608215 0.3559513 0.3670304 0.4282346 0.4233182 0.4383363 0.4145168 0.4169500 0.1821385 0.3833160 0.3778048 0.3757468 0.3961988 0.3812265 0.4070638 0.3995284 0.3754100 0.3873355 0.3560707 0.3680956 0.3543978 0.3753588 0.3759653 0.3885318 0.3658205 0.3753195 0.6387891 0.6309144 0.3483276 0.3591165 0.3567000 0.3689360 0.3618903 0.3586278 0.3640845 0.3428917 0.3529185 0.4317614 0.4243328 0.4077174 0.4253505 0.4325751 0.4304019 0.3666136 0.3990535 0.4207964 0.4474142 0.4311893 0.4058958 0.4037593 0.4169563 0.4207599 0.4491295 0.4005357 0.3589929 0.4283315 0.3982475 0.4936586 0.4110130 0.4484551 0.4676402 0.4642386 0.4624197 0.4797132 0.4953956 0.4561886 0.4557695 0.4867121 0.4026931 0.3997067 0.4000859 0.3997067 0.4013487 0.3665874 0.3925774 0.4277595 0.4897755 0.9721425 0.9615591 0.9831036 1.0191534 1.1084095 0.9383649 1.0518942 1.0104316 1.0730608 1.0292908 0.9867715 0.7867447 0.7663416 0.9330080 0.9248688 1.2356561 1.0561971 1.0422008 1.0409646 1.0790458 1.2484090 1.1344608 0.9813515 1.0647275 0.7849334 1.0579867 1.2464678 0.8466027 1.2112555 1.1468694 1.1954238 1.0800521 1.1258207 1.1468508 1.1473203 0.9358199 1.0961652 1.1002920 1.0497074 1.0365974 
