97
Alouatta_belzebul            0.0000000 0.0134584 0.0134584 0.0190315 0.0839032 0.0839032 0.0815385 0.0806095 0.0452414 0.0452414 0.0451806 0.0484671 0.0423040 0.0482458 0.0604790 0.0637754 0.0711988 0.0711988 0.0744397 0.0776633 0.0777989 0.0743093 0.0740908 0.0740908 0.0743093 0.0786944 0.0796543 0.0754470 0.0646709 0.0650524 0.0546307 0.0487444 0.0790726 0.0745302 0.0745302 0.0754248 0.0740908 0.0734022 0.0730624 0.0676629 0.0676629 0.0592116 0.0615039 0.0676629 0.0616839 0.0708655 0.0705352 0.0802323 0.0737450 0.0821994 0.0709503 0.0713704 0.0737450 0.0802323 0.0609342 0.0670358 0.0670358 0.0755179 0.0654775 0.0740910 0.1110019 0.1276719 0.1192555 0.2482274 0.2368541 0.1192555 0.1156919 0.1234316 0.1126894 0.2410368 0.1228436 0.2271347 0.1429660 0.1551461 0.1204021 0.2630702 0.1192555 0.3176183 0.1198264 0.1121526 0.2950900 0.1121526 0.1221231 0.2664949 0.1551461 0.1121526 0.1343962 0.1280745 0.1202002 0.3096178 0.1192555 0.1280532 0.1208698 0.1204021 0.1086375 0.1264564 0.2371477 
Alouatta_caraya              0.0134584 0.0000000 0.0162808 0.0053157 0.0744397 0.0744397 0.0747984 0.0711988 0.0365210 0.0365210 0.0390399 0.0396561 0.0336230 0.0394755 0.0576529 0.0609342 0.0683013 0.0683013 0.0715351 0.0682626 0.0683830 0.0649752 0.0647851 0.0647851 0.0649752 0.0691620 0.0700008 0.0721007 0.0617922 0.0621570 0.0518030 0.0398817 0.0694944 0.0651672 0.0651672 0.0692020 0.0647851 0.0705352 0.0702078 0.0647851 0.0647851 0.0630947 0.0586322 0.0647851 0.0588040 0.0679807 0.0613250 0.0708655 0.0644827 0.0756636 0.0616839 0.0620470 0.0644827 0.0708655 0.0518938 0.0579200 0.0579200 0.0660243 0.0561780 0.0643970 0.1118649 0.1137768 0.1056495 0.2448046 0.2245655 0.1056495 0.1021657 0.1096817 0.0991795 0.2367970 0.1091574 0.2150292 0.1286935 0.1405544 0.1066686 0.2502821 0.1056495 0.3038830 0.1061569 0.0987058 0.2817697 0.0987058 0.1074112 0.2535632 0.1405544 0.0987058 0.1204021 0.1141328 0.1064854 0.3054776 0.1056495 0.1121292 0.1097587 0.1066686 0.0952698 0.1126894 0.2248584 
Alouatta_palliata            0.0134584 0.0162808 0.0000000 0.0219274 0.0809900 0.0809900 0.0819587 0.0777034 0.0424513 0.0424513 0.0422083 0.0456573 0.0395180 0.0454484 0.0638861 0.0672310 0.0747917 0.0747917 0.0780713 0.0747519 0.0748831 0.0714092 0.0711988 0.0711988 0.0714092 0.0757449 0.0766697 0.0796461 0.0681808 0.0685859 0.0579862 0.0459189 0.0761098 0.0716216 0.0716216 0.0724822 0.0711988 0.0769773 0.0766190 0.0711988 0.0711988 0.0703213 0.0649756 0.0711988 0.0651673 0.0744397 0.0676629 0.0773387 0.0708655 0.0791239 0.0680615 0.0684649 0.0708655 0.0773387 0.0580876 0.0641831 0.0641831 0.0725712 0.0625622 0.0710773 0.1234856 0.1246226 0.1162457 0.2425043 0.2224383 0.1162457 0.1126894 0.1204021 0.1096817 0.2481757 0.1198264 0.2129864 0.1398770 0.1520210 0.1173675 0.2479325 0.1162457 0.3011206 0.1168042 0.1091574 0.2840010 0.1091574 0.1188753 0.2511710 0.1520210 0.1091574 0.1313440 0.1250160 0.1171691 0.3023143 0.1162457 0.1245543 0.1215054 0.1173675 0.1056495 0.1234316 0.2227293 
Alouatta_sara                0.0190315 0.0053157 0.0219274 0.0000000 0.0812321 0.0812321 0.0822265 0.0779349 0.0425716 0.0425716 0.0455385 0.0457877 0.0396297 0.0455776 0.0578190 0.0611109 0.0750148 0.0750148 0.0783049 0.0684649 0.0751068 0.0716212 0.0714096 0.0714096 0.0716212 0.0693698 0.0702135 0.0761191 0.0683826 0.0687901 0.0519522 0.0460507 0.0763409 0.0718348 0.0718348 0.0760151 0.0714096 0.0772046 0.0768443 0.0714096 0.0714096 0.0669157 0.0651672 0.0714096 0.0653600 0.0746608 0.0678616 0.0775681 0.0710744 0.0828713 0.0682626 0.0686684 0.0710744 0.0775681 0.0582563 0.0643701 0.0643701 0.0727902 0.0627485 0.0712966 0.1241145 0.1141328 0.1059753 0.2448046 0.2253459 0.1059753 0.1024798 0.1100224 0.0994847 0.2378353 0.1094950 0.2114154 0.1291023 0.1410067 0.1070004 0.2465396 0.1059753 0.2999863 0.1064856 0.0990083 0.2779411 0.0990083 0.1077686 0.2497853 0.1410067 0.0990083 0.1207795 0.1144910 0.1068162 0.3067605 0.1059753 0.1125304 0.1101319 0.1070004 0.0955608 0.1130390 0.2212096 
Aotus_azarae                 0.0839032 0.0744397 0.0809900 0.0812321 0.0000000 0.0053016 0.0028767 0.0079814 0.0777034 0.0777034 0.0833993 0.0813739 0.0745302 0.0809900 0.0673480 0.0707422 0.0918574 0.0918574 0.0884686 0.0641460 0.0579861 0.0547260 0.0545692 0.0545692 0.0578191 0.0528652 0.0566792 0.0606830 0.0783046 0.0787764 0.0613961 0.0818640 0.0589048 0.0579861 0.0579861 0.0650146 0.0607585 0.0806095 0.0802323 0.0880487 0.0880487 0.0932004 0.0816182 0.0880487 0.0818640 0.0914210 0.0512717 0.0604790 0.0543191 0.0644759 0.0515647 0.0518612 0.0543191 0.0604790 0.0421852 0.0480265 0.0480265 0.0529596 0.0432788 0.0476624 0.1304032 0.1363474 0.1276719 0.2693291 0.2482274 0.1276719 0.1240246 0.1319769 0.1209827 0.2612710 0.1313440 0.2293000 0.1405544 0.1527578 0.1289079 0.2655421 0.1204021 0.3518498 0.1282873 0.1204021 0.2928625 0.1204021 0.1273140 0.2983316 0.1566498 0.1204021 0.1431968 0.1367835 0.1286934 0.3070733 0.1204021 0.1337400 0.1465696 0.1289079 0.1168042 0.1350412 0.2485221 
Aotus_griseimembra           0.0839032 0.0744397 0.0809900 0.0812321 0.0053016 0.0000000 0.0086988 0.0079814 0.0777034 0.0777034 0.0833993 0.0813739 0.0745302 0.0809900 0.0610405 0.0643701 0.0918574 0.0918574 0.0884686 0.0641460 0.0579861 0.0547260 0.0545692 0.0545692 0.0578191 0.0591825 0.0631243 0.0680046 0.0783046 0.0787764 0.0613961 0.0818640 0.0526172 0.0518030 0.0518030 0.0650146 0.0607585 0.0806095 0.0802323 0.0880487 0.0880487 0.0932004 0.0816182 0.0880487 0.0818640 0.0914210 0.0512717 0.0604790 0.0543191 0.0644759 0.0515647 0.0518612 0.0543191 0.0604790 0.0421852 0.0480265 0.0480265 0.0592890 0.0494198 0.0540351 0.1304032 0.1363474 0.1276719 0.2693291 0.2482274 0.1276719 0.1240246 0.1319769 0.1209827 0.2612710 0.1313440 0.2293000 0.1405544 0.1527578 0.1289079 0.2655421 0.1204021 0.3518498 0.1282873 0.1204021 0.2928625 0.1204021 0.1194907 0.2983316 0.1566498 0.1204021 0.1431968 0.1367835 0.1286934 0.3070733 0.1204021 0.1337400 0.1465696 0.1289079 0.1168042 0.1350412 0.2393991 
Aotus_nancymaae              0.0815385 0.0747984 0.0819587 0.0822265 0.0028767 0.0086988 0.0000000 0.0116445 0.0819587 0.0819587 0.0844327 0.0860235 0.0784698 0.0855800 0.0670591 0.0707605 0.0938747 0.0938747 0.0976184 0.0665944 0.0598845 0.0634893 0.0632893 0.0632893 0.0600730 0.0581432 0.0589019 0.0570670 0.0790279 0.0795483 0.0640157 0.0865919 0.0613091 0.0602630 0.0602630 0.0667203 0.0632893 0.0851406 0.0847055 0.0896917 0.0896917 0.0893755 0.0826536 0.0896917 0.0829255 0.0933877 0.0528878 0.0595844 0.0562232 0.0632893 0.0532181 0.0535525 0.0562232 0.0595844 0.0429539 0.0493324 0.0493324 0.0547944 0.0441716 0.0490108 0.1263853 0.1554887 0.1455488 0.2812759 0.2527421 0.1455488 0.1414346 0.1504789 0.1380732 0.2671601 0.1496933 0.2467583 0.1560402 0.1646013 0.1470846 0.2809621 0.1373507 0.3735350 0.1463133 0.1373507 0.3225676 0.1373507 0.1466846 0.3154515 0.1689289 0.1373507 0.1631598 0.1518063 0.1468269 0.3128454 0.1373507 0.1557008 0.1507465 0.1470846 0.1332966 0.1496933 0.2683775 
Aotus_trivirgatus            0.0806095 0.0711988 0.0777034 0.0779349 0.0079814 0.0079814 0.0116445 0.0000000 0.0744397 0.0744397 0.0798775 0.0780713 0.0712845 0.0777034 0.0641831 0.0675449 0.0884686 0.0884686 0.0851032 0.0610044 0.0548835 0.0516548 0.0515073 0.0515073 0.0547260 0.0560119 0.0598900 0.0643288 0.0750145 0.0754650 0.0582563 0.0785400 0.0557496 0.0548835 0.0548835 0.0618281 0.0576529 0.0773387 0.0769773 0.0846997 0.0846997 0.0893755 0.0783049 0.0846997 0.0785400 0.0880487 0.0482458 0.0573881 0.0512717 0.0611678 0.0485206 0.0487986 0.0512717 0.0573881 0.0392285 0.0450362 0.0450362 0.0561128 0.0463381 0.0508369 0.1244509 0.1326151 0.1240246 0.2645957 0.2391041 0.1240246 0.1204021 0.1282873 0.1173675 0.2554315 0.1276719 0.2248584 0.1367835 0.1488919 0.1252257 0.2608201 0.1240246 0.3465392 0.1246226 0.1168042 0.2879542 0.1168042 0.1233882 0.2933650 0.1527578 0.1168042 0.1394316 0.1330380 0.1250160 0.3013439 0.1168042 0.1294761 0.1424234 0.1252257 0.1132308 0.1313440 0.2439459 
Ateles_belzebuth             0.0452414 0.0365210 0.0424513 0.0425716 0.0777034 0.0777034 0.0819587 0.0744397 0.0000000 0.0000010 0.0000010 0.0026526 0.0190834 0.0246913 0.0607585 0.0640715 0.0715351 0.0715351 0.0747917 0.0650524 0.0588039 0.0554936 0.0553331 0.0553331 0.0554936 0.0659059 0.0667025 0.0721007 0.0714092 0.0718348 0.0518030 0.0247167 0.0662222 0.0553963 0.0553963 0.0595011 0.0553331 0.0737450 0.0734022 0.0679807 0.0679807 0.0703213 0.0617926 0.0679807 0.0619743 0.0711988 0.0581895 0.0676629 0.0613250 0.0722289 0.0551388 0.0588723 0.0613250 0.0676629 0.0488298 0.0548215 0.0548215 0.0627861 0.0530205 0.0610937 0.1225329 0.1137768 0.1056495 0.2402398 0.2201536 0.1056495 0.1021657 0.1096817 0.0991795 0.2311793 0.1091574 0.2193955 0.1323961 0.1330380 0.1066686 0.2549251 0.1056495 0.3293352 0.1061569 0.0987058 0.2817697 0.0987058 0.1112046 0.2725390 0.1330380 0.0987058 0.1204021 0.1070004 0.1064854 0.3054776 0.1056495 0.1080526 0.1215054 0.1066686 0.0952698 0.1126894 0.2293000 
Ateles_chamek                0.0452414 0.0365210 0.0424513 0.0425716 0.0777034 0.0777034 0.0819587 0.0744397 0.0000010 0.0000000 0.0000010 0.0026526 0.0190834 0.0246913 0.0607585 0.0640715 0.0715351 0.0715351 0.0747917 0.0650524 0.0588039 0.0554936 0.0553331 0.0553331 0.0554936 0.0659059 0.0667025 0.0721007 0.0714092 0.0718348 0.0518030 0.0247167 0.0662222 0.0553963 0.0553963 0.0595011 0.0553331 0.0737450 0.0734022 0.0679807 0.0679807 0.0703213 0.0617926 0.0679807 0.0619743 0.0711988 0.0581895 0.0676629 0.0613250 0.0722289 0.0551388 0.0588723 0.0613250 0.0676629 0.0488298 0.0548215 0.0548215 0.0627861 0.0530205 0.0610937 0.1225329 0.1137768 0.1056495 0.2402398 0.2201536 0.1056495 0.1021657 0.1096817 0.0991795 0.2311793 0.1091574 0.2193955 0.1323961 0.1330380 0.1066686 0.2549251 0.1056495 0.3293352 0.1061569 0.0987058 0.2817697 0.0987058 0.1112046 0.2725390 0.1330380 0.0987058 0.1204021 0.1070004 0.1064854 0.3054776 0.1056495 0.1080526 0.1215054 0.1066686 0.0952698 0.1126894 0.2293000 
Ateles_fusciceps             0.0451806 0.0390399 0.0422083 0.0455385 0.0833993 0.0833993 0.0844327 0.0798775 0.0000010 0.0000010 0.0000000 0.0028250 0.0203595 0.0263532 0.0650729 0.0686515 0.0767674 0.0767674 0.0802813 0.0693387 0.0626576 0.0594753 0.0592905 0.0592905 0.0594753 0.0707604 0.0705347 0.0721007 0.0766242 0.0771137 0.0554643 0.0263821 0.0691219 0.0593637 0.0593637 0.0626576 0.0592905 0.0756216 0.0752468 0.0729121 0.0729121 0.0724950 0.0662575 0.0729121 0.0664663 0.0763818 0.0623461 0.0725480 0.0657213 0.0743178 0.0590687 0.0631302 0.0657213 0.0725480 0.0522744 0.0587050 0.0587050 0.0674012 0.0568617 0.0638122 0.1225329 0.1186920 0.1099060 0.2612647 0.2342837 0.1136801 0.1099060 0.1180842 0.1067033 0.2311793 0.1174819 0.2382060 0.1428150 0.1387892 0.1148511 0.2710313 0.1136801 0.3468404 0.1142629 0.1061593 0.3071400 0.1061593 0.1204116 0.2947820 0.1347923 0.1061593 0.1297155 0.1152350 0.1146432 0.3097833 0.1136801 0.1137185 0.1253664 0.1148511 0.1024398 0.1174819 0.2491300 
Ateles_paniscus              0.0484671 0.0396561 0.0456573 0.0457877 0.0813739 0.0813739 0.0860235 0.0780713 0.0026526 0.0026526 0.0028250 0.0000000 0.0219877 0.0276592 0.0641831 0.0675449 0.0751469 0.0751469 0.0784425 0.0685859 0.0622673 0.0589078 0.0587358 0.0587358 0.0589078 0.0694939 0.0703404 0.0762734 0.0750145 0.0754650 0.0551388 0.0276880 0.0698292 0.0588039 0.0588039 0.0630114 0.0587358 0.0773387 0.0769773 0.0715351 0.0715351 0.0743735 0.0652825 0.0715351 0.0654759 0.0747917 0.0616121 0.0711988 0.0647851 0.0760422 0.0585289 0.0623407 0.0647851 0.0711988 0.0521350 0.0581895 0.0581895 0.0663410 0.0564452 0.0647130 0.1225329 0.1179356 0.1096817 0.2459656 0.2256398 0.1096817 0.1061569 0.1137768 0.1031509 0.2311793 0.1132308 0.2248584 0.1367835 0.1374487 0.1107441 0.2608201 0.1096817 0.3360215 0.1102106 0.1026562 0.2879542 0.1026562 0.1156215 0.2786574 0.1374487 0.1026562 0.1246226 0.1110910 0.1105543 0.3128454 0.1096817 0.1080526 0.1261423 0.1107441 0.0991795 0.1168042 0.2348817 
Brachyteles_arachnoides      0.0423040 0.0336230 0.0395180 0.0396297 0.0745302 0.0745302 0.0784698 0.0712845 0.0190834 0.0190834 0.0203595 0.0219877 0.0000000 0.0053532 0.0577185 0.0547878 0.0683830 0.0683830 0.0716216 0.0683443 0.0620470 0.0587000 0.0585289 0.0585289 0.0587000 0.0627484 0.0635047 0.0684676 0.0682626 0.0686684 0.0487985 0.0221090 0.0630489 0.0585965 0.0585965 0.0627861 0.0585289 0.0706192 0.0702911 0.0648614 0.0648614 0.0667829 0.0587001 0.0648614 0.0588723 0.0680616 0.0551388 0.0645583 0.0582563 0.0689064 0.0521021 0.0557844 0.0582563 0.0645583 0.0458383 0.0518030 0.0518030 0.0596414 0.0499428 0.0578842 0.1237790 0.1068155 0.0988376 0.2362361 0.2162244 0.0988376 0.0953954 0.1027957 0.0924185 0.2206726 0.0988376 0.2025043 0.1252010 0.1332418 0.0928639 0.2370691 0.0953954 0.3199723 0.0993126 0.0919770 0.2632853 0.0919770 0.1037964 0.2684204 0.1332418 0.0919770 0.1133907 0.1036117 0.0996187 0.2837496 0.0988376 0.1001508 0.1138204 0.0997908 0.0885824 0.1057942 0.2121445 
Brachyteles_hypoxanthus      0.0482458 0.0394755 0.0454484 0.0455776 0.0809900 0.0809900 0.0855800 0.0777034 0.0246913 0.0246913 0.0263532 0.0276592 0.0053532 0.0000000 0.0638861 0.0609342 0.0747917 0.0747917 0.0780713 0.0747519 0.0683830 0.0649752 0.0647851 0.0647851 0.0649752 0.0691620 0.0700008 0.0758581 0.0746604 0.0751068 0.0548836 0.0278130 0.0694944 0.0648614 0.0648614 0.0692020 0.0647851 0.0769773 0.0766190 0.0711988 0.0711988 0.0739781 0.0649756 0.0711988 0.0651673 0.0744397 0.0613250 0.0708655 0.0644827 0.0756636 0.0582563 0.0620470 0.0644827 0.0708655 0.0518938 0.0579200 0.0579200 0.0660243 0.0561780 0.0643970 0.1353632 0.1173675 0.1091574 0.2448046 0.2245655 0.1091574 0.1056495 0.1132308 0.1026562 0.2367970 0.1126894 0.2150292 0.1361239 0.1443509 0.1031509 0.2502821 0.1091574 0.3345257 0.1096817 0.1021657 0.2648886 0.1021657 0.1150259 0.2822132 0.1443509 0.1021657 0.1240246 0.1141328 0.1100222 0.2997711 0.1091574 0.1121292 0.1254799 0.1102106 0.0987058 0.1162457 0.2248584 
Cacajao_calvus               0.0604790 0.0576529 0.0638861 0.0578190 0.0673480 0.0610405 0.0670591 0.0641831 0.0607585 0.0607585 0.0650729 0.0641831 0.0577185 0.0638861 0.0000000 0.0026482 0.0613250 0.0613250 0.0644827 0.0612886 0.0613961 0.0580868 0.0579200 0.0579200 0.0580868 0.0594639 0.0601778 0.0646776 0.0488289 0.0491113 0.0107379 0.0613961 0.0560129 0.0551388 0.0551388 0.0621199 0.0579200 0.0331369 0.0329892 0.0579200 0.0579200 0.0519230 0.0518938 0.0579200 0.0520435 0.0610405 0.0545692 0.0638861 0.0576529 0.0681425 0.0548835 0.0552016 0.0576529 0.0638861 0.0453694 0.0512717 0.0512717 0.0627861 0.0527711 0.0610937 0.0941758 0.1126894 0.1046479 0.2201536 0.2093972 0.1046479 0.1011976 0.1086375 0.0982364 0.2298111 0.1081221 0.2001651 0.1311281 0.1392051 0.1056495 0.2342918 0.1046479 0.3061105 0.1051466 0.0977710 0.2696205 0.0977710 0.1025877 0.2558328 0.1392051 0.0977710 0.1192555 0.1130390 0.1054691 0.2799245 0.1046479 0.1155985 0.1163362 0.1056495 0.0943680 0.1116204 0.2096844 
Cacajao_melanocephalus       0.0637754 0.0609342 0.0672310 0.0611109 0.0707422 0.0643701 0.0707605 0.0675449 0.0640715 0.0640715 0.0686515 0.0675449 0.0547878 0.0609342 0.0026482 0.0000000 0.0646715 0.0646715 0.0678616 0.0646340 0.0647475 0.0613954 0.0612178 0.0612178 0.0613954 0.0628603 0.0636197 0.0686075 0.0520427 0.0523453 0.0135082 0.0647476 0.0593585 0.0584259 0.0584259 0.0655157 0.0612178 0.0361297 0.0359679 0.0612178 0.0612178 0.0555790 0.0551388 0.0612178 0.0552988 0.0643701 0.0578190 0.0672310 0.0609342 0.0717392 0.0581542 0.0584933 0.0609342 0.0672310 0.0485206 0.0544744 0.0544744 0.0662222 0.0560778 0.0645942 0.1002171 0.1166074 0.1084537 0.2253459 0.2144497 0.1084537 0.1049678 0.1124991 0.1019907 0.2364284 0.1119638 0.2051071 0.1352481 0.1434237 0.1094950 0.2396479 0.1084537 0.3122765 0.1089721 0.1015059 0.2753687 0.1015059 0.1066651 0.2614582 0.1434237 0.1015059 0.1232267 0.1133907 0.1093085 0.2866411 0.1084537 0.1201476 0.1206493 0.1094950 0.0980680 0.1154981 0.2147394 
Callicebus_coimbrai          0.0711988 0.0683013 0.0747917 0.0750148 0.0918574 0.0918574 0.0938747 0.0884686 0.0715351 0.0715351 0.0767674 0.0751469 0.0683830 0.0747917 0.0613250 0.0646715 0.0000000 0.0053016 0.0026412 0.0922575 0.0789155 0.0753719 0.0751469 0.0751469 0.0753719 0.0701667 0.0710292 0.0732958 0.0218301 0.0219499 0.0522861 0.0755986 0.0802254 0.0755986 0.0755986 0.0798788 0.0751469 0.0744397 0.0740908 0.0134584 0.0134584 0.0152660 0.0080377 0.0134584 0.0080593 0.0162091 0.0715351 0.0813739 0.0747917 0.0834423 0.0719617 0.0687901 0.0747917 0.0813739 0.0554942 0.0616121 0.0616121 0.0669832 0.0567149 0.0653540 0.0658450 0.1407840 0.1319769 0.2289054 0.2178530 0.1282873 0.1282873 0.1363474 0.1252257 0.2325588 0.1356916 0.2259336 0.1605679 0.1692985 0.1332586 0.2811940 0.1319769 0.3089077 0.1326151 0.1209827 0.2817697 0.1209827 0.1312685 0.2751047 0.1613468 0.1246226 0.1476965 0.1412374 0.1330379 0.3013439 0.1319769 0.1431615 0.1390397 0.1332586 0.1209827 0.1394316 0.2314936 
Callicebus_nigrifrons        0.0711988 0.0683013 0.0747917 0.0750148 0.0918574 0.0918574 0.0938747 0.0884686 0.0715351 0.0715351 0.0767674 0.0751469 0.0683830 0.0747917 0.0613250 0.0646715 0.0053016 0.0000000 0.0079814 0.0922575 0.0789155 0.0753719 0.0751469 0.0751469 0.0753719 0.0701667 0.0710292 0.0732958 0.0218301 0.0219499 0.0522861 0.0755986 0.0802254 0.0755986 0.0755986 0.0798788 0.0751469 0.0744397 0.0740908 0.0134584 0.0134584 0.0152660 0.0080377 0.0134584 0.0080593 0.0162091 0.0715351 0.0813739 0.0747917 0.0834423 0.0719617 0.0687901 0.0747917 0.0813739 0.0554942 0.0616121 0.0616121 0.0669832 0.0567149 0.0653540 0.0658450 0.1407840 0.1319769 0.2379613 0.2267211 0.1282873 0.1282873 0.1363474 0.1252257 0.2325588 0.1356916 0.2259336 0.1605679 0.1692985 0.1258338 0.2811940 0.1319769 0.3190552 0.1326151 0.1209827 0.2915202 0.1209827 0.1233882 0.2751047 0.1613468 0.1246226 0.1476965 0.1412374 0.1330379 0.3013439 0.1319769 0.1431615 0.1390397 0.1258338 0.1209827 0.1394316 0.2314936 
Callicebus_personatus        0.0744397 0.0715351 0.0780713 0.0783049 0.0884686 0.0884686 0.0976184 0.0851032 0.0747917 0.0747917 0.0802813 0.0784425 0.0716216 0.0780713 0.0644827 0.0678616 0.0026412 0.0079814 0.0000000 0.0956872 0.0822559 0.0720888 0.0718744 0.0718744 0.0786781 0.0701667 0.0744019 0.0771172 0.0246490 0.0247847 0.0553963 0.0789156 0.0836266 0.0789155 0.0789155 0.0832632 0.0784425 0.0777034 0.0773387 0.0162091 0.0162091 0.0183951 0.0107563 0.0162091 0.0107851 0.0189799 0.0747917 0.0846997 0.0780713 0.0869902 0.0752393 0.0720494 0.0780713 0.0846997 0.0586322 0.0647851 0.0647851 0.0702937 0.0599269 0.0687330 0.0709674 0.1370087 0.1282873 0.2334189 0.2222728 0.1246226 0.1246226 0.1326151 0.1215683 0.2269595 0.1319769 0.2303932 0.1566498 0.1653094 0.1295337 0.2860585 0.1282873 0.3139650 0.1289079 0.1173675 0.2769411 0.1173675 0.1273140 0.2799618 0.1574106 0.1209827 0.1438880 0.1374487 0.1293177 0.2956568 0.1282873 0.1388068 0.1349332 0.1295337 0.1173675 0.1356916 0.2360001 
Callimico_goeldii            0.0776633 0.0682626 0.0747519 0.0684649 0.0641460 0.0641460 0.0665944 0.0610044 0.0650524 0.0650524 0.0693387 0.0685859 0.0683443 0.0747519 0.0612886 0.0646340 0.0922575 0.0922575 0.0956872 0.0000000 0.0219499 0.0248531 0.0247847 0.0247847 0.0220102 0.0562425 0.0569153 0.0641990 0.0786375 0.0791134 0.0553620 0.0755583 0.0282150 0.0336003 0.0336003 0.0279490 0.0247847 0.0809497 0.0805694 0.0884282 0.0884282 0.0892007 0.0819671 0.0884282 0.0822151 0.0918174 0.0218523 0.0303797 0.0246743 0.0321189 0.0219723 0.0220936 0.0246743 0.0303797 0.0423498 0.0482152 0.0482152 0.0595346 0.0496197 0.0577781 0.1556794 0.1295136 0.1209554 0.2614582 0.2404925 0.1209554 0.1173376 0.1252017 0.1142956 0.2624369 0.1245982 0.2065134 0.1374369 0.1457572 0.1184794 0.2367715 0.1209554 0.3435866 0.1215413 0.1137446 0.2773604 0.1137446 0.1200817 0.2902597 0.1457572 0.1137446 0.1363345 0.1188546 0.1182778 0.2922439 0.1209554 0.1352225 0.1380613 0.1184794 0.1101764 0.1282662 0.2250520 
Callithrix_aurita            0.0777989 0.0683830 0.0748831 0.0751068 0.0579861 0.0579861 0.0598845 0.0548835 0.0588039 0.0588039 0.0626576 0.0622673 0.0620470 0.0683830 0.0613961 0.0647475 0.0789155 0.0789155 0.0822559 0.0219499 0.0000000 0.0080456 0.0080241 0.0080241 0.0000028 0.0500317 0.0506270 0.0534807 0.0721767 0.0726113 0.0523453 0.0626372 0.0167055 0.0164594 0.0164594 0.0053873 0.0080241 0.0745302 0.0741804 0.0752393 0.0752393 0.0780797 0.0689121 0.0752393 0.0691182 0.0785400 0.0107853 0.0135312 0.0135312 0.0142902 0.0108437 0.0109028 0.0080593 0.0135312 0.0306543 0.0363944 0.0363944 0.0469955 0.0374412 0.0449932 0.1304032 0.1297302 0.1211592 0.2617538 0.2407894 0.1211592 0.1175365 0.1254120 0.1144910 0.2569367 0.1248069 0.2154795 0.1376640 0.1459947 0.1186813 0.2462422 0.1211592 0.3545076 0.1217467 0.1139385 0.2680430 0.1139385 0.1203001 0.3005306 0.1459947 0.1139385 0.1365588 0.1190576 0.1184793 0.2869672 0.1211592 0.1354807 0.1383078 0.1186813 0.1103651 0.1284796 0.2253459 
Callithrix_geoffroyi         0.0743093 0.0649752 0.0714092 0.0716212 0.0547260 0.0547260 0.0634893 0.0516548 0.0554936 0.0554936 0.0594753 0.0589078 0.0587000 0.0649752 0.0580868 0.0613954 0.0753719 0.0753719 0.0720888 0.0248531 0.0080456 0.0000000 0.0000028 0.0000028 0.0053299 0.0498860 0.0536503 0.0572586 0.0687073 0.0691180 0.0491107 0.0656704 0.0195087 0.0248961 0.0248961 0.0081328 0.0053156 0.0710738 0.0707415 0.0717475 0.0717475 0.0746243 0.0654756 0.0717475 0.0656704 0.0750145 0.0134942 0.0218301 0.0162530 0.0231985 0.0135673 0.0136419 0.0162530 0.0218301 0.0334713 0.0392286 0.0392286 0.0499745 0.0403578 0.0480348 0.1304032 0.1183072 0.1100222 0.2561288 0.2354086 0.1100222 0.1064854 0.1141327 0.1034706 0.2406833 0.1135834 0.2191045 0.1334635 0.1341147 0.1075196 0.2499859 0.1100222 0.3478402 0.1105543 0.1029729 0.2718515 0.1029729 0.1121552 0.2944398 0.1341147 0.1029729 0.1250160 0.1078564 0.1073335 0.2825752 0.1100222 0.1221684 0.1265790 0.1075196 0.0994845 0.1171691 0.2245655 
Callithrix_jacchus           0.0740908 0.0647851 0.0711988 0.0714096 0.0545692 0.0545692 0.0632893 0.0515073 0.0553331 0.0553331 0.0592905 0.0587358 0.0585289 0.0647851 0.0579200 0.0612178 0.0751469 0.0751469 0.0718744 0.0247847 0.0080241 0.0000028 0.0000000 0.0000010 0.0053156 0.0497404 0.0534919 0.0570670 0.0685034 0.0689121 0.0489702 0.0654759 0.0194545 0.0248275 0.0248275 0.0081109 0.0053016 0.0708655 0.0705352 0.0715351 0.0715351 0.0743735 0.0652825 0.0715351 0.0654759 0.0747917 0.0134584 0.0217707 0.0162091 0.0231315 0.0135312 0.0136048 0.0162091 0.0217707 0.0333783 0.0391190 0.0391190 0.0498293 0.0402419 0.0478919 0.1304032 0.1179356 0.1096817 0.2552204 0.2345868 0.1096817 0.1061569 0.1137768 0.1031509 0.2396246 0.1132308 0.2183525 0.1330380 0.1336853 0.1071849 0.2491036 0.1096817 0.3465392 0.1102106 0.1026562 0.2708783 0.1026562 0.1117804 0.2933650 0.1336853 0.1026562 0.1246226 0.1075196 0.1070003 0.2814095 0.1096817 0.1217239 0.1261423 0.1071849 0.0991795 0.1168042 0.2282138 
Callithrix_kuhlii            0.0740908 0.0647851 0.0711988 0.0714096 0.0545692 0.0545692 0.0632893 0.0515073 0.0553331 0.0553331 0.0592905 0.0587358 0.0585289 0.0647851 0.0579200 0.0612178 0.0751469 0.0751469 0.0718744 0.0247847 0.0080241 0.0000028 0.0000010 0.0000000 0.0053156 0.0497404 0.0534919 0.0570670 0.0685034 0.0689121 0.0489702 0.0654759 0.0194545 0.0248275 0.0248275 0.0081109 0.0053016 0.0708655 0.0705352 0.0715351 0.0715351 0.0743735 0.0652825 0.0715351 0.0654759 0.0747917 0.0134584 0.0217707 0.0162091 0.0231315 0.0135312 0.0136048 0.0162091 0.0217707 0.0333783 0.0391190 0.0391190 0.0498293 0.0402419 0.0478919 0.1304032 0.1179356 0.1096817 0.2552204 0.2345868 0.1096817 0.1061569 0.1137768 0.1031509 0.2396246 0.1132308 0.2183525 0.1330380 0.1336853 0.1071849 0.2491036 0.1096817 0.3465392 0.1102106 0.1026562 0.2708783 0.1026562 0.1117804 0.2933650 0.1336853 0.1026562 0.1246226 0.1075196 0.1070003 0.2814095 0.1096817 0.1217239 0.1261423 0.1071849 0.0991795 0.1168042 0.2282138 
Cebuella_pygmaea             0.0743093 0.0649752 0.0714092 0.0716212 0.0578191 0.0578191 0.0600730 0.0547260 0.0554936 0.0554936 0.0594753 0.0589078 0.0587000 0.0649752 0.0580868 0.0613954 0.0753719 0.0753719 0.0786781 0.0220102 0.0000028 0.0053299 0.0053156 0.0053156 0.0000000 0.0498860 0.0504764 0.0536595 0.0687073 0.0691180 0.0491107 0.0592559 0.0166591 0.0164143 0.0164143 0.0026909 0.0053156 0.0710738 0.0707415 0.0717475 0.0717475 0.0746243 0.0654756 0.0717475 0.0656704 0.0750145 0.0107563 0.0134942 0.0134942 0.0143311 0.0108144 0.0108731 0.0080376 0.0134942 0.0305692 0.0362929 0.0362929 0.0468572 0.0373339 0.0448582 0.1250888 0.1256226 0.1171691 0.2561288 0.2354086 0.1171691 0.1135834 0.1213634 0.1105543 0.2522346 0.1207794 0.2147394 0.1372223 0.1416937 0.1146868 0.2453726 0.1171691 0.3478402 0.1177357 0.1100222 0.2670826 0.1100222 0.1194907 0.2944398 0.1416937 0.1100222 0.1323960 0.1150482 0.1144904 0.2881592 0.1171691 0.1306773 0.1346902 0.1146868 0.1064854 0.1244144 0.2245655 
Cebus_albifrons              0.0786944 0.0691620 0.0757449 0.0693698 0.0528652 0.0591825 0.0581432 0.0560119 0.0659059 0.0659059 0.0707604 0.0694939 0.0627484 0.0691620 0.0594639 0.0628603 0.0701667 0.0701667 0.0701667 0.0562425 0.0500317 0.0498860 0.0497404 0.0497404 0.0498860 0.0000000 0.0000029 0.0000020 0.0700408 0.0704675 0.0502697 0.0699149 0.0508362 0.0500325 0.0500325 0.0570178 0.0528652 0.0794529 0.0790720 0.0731410 0.0731410 0.0724949 0.0667414 0.0731410 0.0669438 0.0764771 0.0433558 0.0526173 0.0464205 0.0561541 0.0436074 0.0438620 0.0464205 0.0526173 0.0283147 0.0341371 0.0341371 0.0082137 0.0054608 0.0055827 0.1225865 0.1251149 0.1164857 0.2492720 0.2329140 0.1164857 0.1128248 0.1207665 0.1097293 0.2539362 0.1164857 0.2173871 0.1369669 0.1533596 0.1176428 0.2694592 0.1164857 0.3315075 0.1170617 0.1091894 0.2825538 0.1091894 0.1115758 0.2830137 0.1454507 0.1091894 0.1320367 0.1255216 0.1174379 0.3117562 0.1164857 0.1251194 0.1343508 0.1176428 0.1055795 0.1238847 0.2366867 
Cebus_capucinus              0.0796543 0.0700008 0.0766697 0.0702135 0.0566792 0.0631243 0.0589019 0.0598900 0.0667025 0.0667025 0.0705347 0.0703404 0.0635047 0.0700008 0.0601778 0.0636197 0.0710292 0.0710292 0.0744019 0.0569153 0.0506270 0.0536503 0.0534919 0.0534919 0.0504764 0.0000029 0.0000000 0.0000010 0.0708998 0.0713375 0.0508704 0.0707712 0.0506857 0.0506270 0.0506270 0.0577089 0.0534919 0.0804305 0.0800406 0.0740390 0.0740390 0.0735045 0.0675577 0.0740390 0.0677648 0.0774192 0.0438619 0.0532381 0.0469643 0.0568617 0.0441195 0.0443801 0.0469643 0.0532381 0.0286388 0.0345296 0.0345296 0.0083047 0.0055211 0.0055672 0.1219468 0.1305874 0.1217317 0.2529388 0.2362936 0.1217317 0.1179926 0.1261247 0.1148512 0.2587648 0.1217317 0.2204965 0.1427125 0.1594862 0.1229545 0.2734764 0.1217317 0.3366324 0.1223404 0.1142797 0.2918873 0.1142797 0.1169782 0.2872915 0.1474035 0.1142797 0.1376381 0.1310186 0.1227402 0.3155231 0.1217317 0.1289890 0.1405636 0.1229545 0.1105931 0.1292895 0.2401184 
Cebus_olivaceus              0.0754470 0.0721007 0.0796461 0.0761191 0.0606830 0.0680046 0.0570670 0.0643288 0.0721007 0.0721007 0.0721007 0.0762734 0.0684676 0.0758581 0.0646776 0.0686075 0.0732958 0.0732958 0.0771172 0.0641990 0.0534807 0.0572586 0.0570670 0.0570670 0.0536595 0.0000020 0.0000010 0.0000000 0.0731457 0.0736560 0.0577630 0.0768027 0.0531955 0.0538396 0.0538396 0.0606830 0.0570670 0.0800828 0.0796461 0.0766932 0.0766932 0.0745424 0.0693628 0.0766932 0.0696028 0.0805241 0.0461502 0.0531955 0.0496583 0.0570670 0.0464558 0.0467655 0.0496583 0.0531955 0.0289820 0.0356112 0.0356112 0.0061994 0.0030899 0.0030799 0.1209630 0.1458580 0.1354812 0.2790745 0.2540629 0.1398375 0.1354812 0.1450392 0.1318981 0.2587648 0.1398375 0.2516370 0.1599898 0.1738914 0.1414192 0.3074558 0.1398375 0.3696699 0.1406246 0.1311589 0.3292304 0.1311589 0.1353094 0.3215421 0.1599898 0.1311589 0.1584913 0.1464080 0.1411507 0.3211280 0.1398375 0.1489717 0.1447670 0.1414192 0.1268704 0.1442281 0.2749244 
Cheracebus_lugens            0.0646709 0.0617922 0.0681808 0.0683826 0.0783046 0.0783046 0.0790279 0.0750145 0.0714092 0.0714092 0.0766242 0.0750145 0.0682626 0.0746604 0.0488289 0.0520427 0.0218301 0.0218301 0.0246490 0.0786375 0.0721767 0.0687073 0.0685034 0.0685034 0.0687073 0.0700408 0.0708998 0.0731457 0.0000000 0.0000028 0.0430122 0.0754651 0.0733635 0.0689117 0.0689117 0.0730507 0.0685034 0.0615033 0.0612170 0.0189476 0.0189476 0.0215084 0.0134712 0.0189476 0.0135082 0.0217337 0.0649752 0.0746604 0.0681808 0.0762824 0.0653595 0.0657489 0.0681808 0.0746604 0.0553957 0.0615033 0.0615033 0.0668620 0.0566127 0.0652329 0.0313524 0.1330379 0.1244144 0.2468368 0.2354086 0.1207794 0.1207794 0.1286934 0.1177357 0.2435291 0.1280744 0.2168081 0.1525144 0.1610941 0.1256226 0.2523635 0.1244144 0.3187912 0.1250160 0.1135834 0.2863441 0.1135834 0.1231665 0.2748117 0.1610941 0.1171691 0.1398769 0.1334635 0.1217462 0.2953345 0.1244144 0.1342313 0.1306195 0.1256226 0.1135834 0.1317594 0.2222728 
Cheracebus_torquatus         0.0650524 0.0621570 0.0685859 0.0687901 0.0787764 0.0787764 0.0795483 0.0754650 0.0718348 0.0718348 0.0771137 0.0754650 0.0686684 0.0751068 0.0491113 0.0523453 0.0219499 0.0219499 0.0247847 0.0791134 0.0726113 0.0691180 0.0689121 0.0689121 0.0691180 0.0704675 0.0713375 0.0736560 0.0000028 0.0000000 0.0432598 0.0759207 0.0738125 0.0693254 0.0693254 0.0734958 0.0689121 0.0618649 0.0615755 0.0190507 0.0190507 0.0216413 0.0135447 0.0190507 0.0135815 0.0218523 0.0653600 0.0751068 0.0685859 0.0767674 0.0657489 0.0661425 0.0685859 0.0751068 0.0557202 0.0618649 0.0618649 0.0672692 0.0569512 0.0656391 0.0317790 0.1338918 0.1252017 0.2485970 0.2370691 0.1215413 0.1215413 0.1295136 0.1184794 0.2456904 0.1288873 0.2183172 0.1535107 0.1621567 0.1264241 0.2541734 0.1252017 0.3211618 0.1258103 0.1142956 0.2884306 0.1142956 0.1240026 0.2768195 0.1621567 0.1179060 0.1407763 0.1343228 0.1225202 0.3035673 0.1252017 0.1352225 0.1315331 0.1264241 0.1142956 0.1325982 0.2238287 
Chiropotes_chiropotes        0.0546307 0.0518030 0.0579862 0.0519522 0.0613961 0.0613961 0.0640157 0.0582563 0.0518030 0.0518030 0.0554643 0.0551388 0.0487985 0.0548836 0.0107379 0.0135082 0.0522861 0.0522861 0.0553963 0.0553620 0.0523453 0.0491107 0.0489702 0.0489702 0.0491107 0.0502697 0.0508704 0.0577630 0.0430122 0.0432598 0.0000000 0.0523453 0.0531768 0.0523453 0.0523453 0.0529597 0.0489702 0.0275641 0.0274413 0.0489702 0.0489702 0.0453467 0.0430122 0.0489702 0.0431349 0.0520435 0.0457076 0.0548836 0.0487444 0.0585248 0.0459697 0.0462347 0.0487444 0.0548836 0.0366629 0.0424974 0.0424974 0.0535263 0.0437343 0.0516410 0.0895660 0.1027957 0.0949413 0.2085182 0.1979518 0.0949413 0.0915395 0.0949413 0.0885824 0.2206726 0.0983668 0.1930568 0.1209554 0.1288866 0.0958536 0.2269224 0.0949413 0.2983316 0.0953954 0.0881614 0.2573397 0.0881614 0.0995381 0.2482983 0.1288866 0.0881614 0.1093087 0.1031136 0.0956872 0.2711963 0.0949413 0.1041718 0.1093493 0.0958536 0.0848068 0.1018162 0.2068010 
Lagothrix_lagotricha         0.0487444 0.0398817 0.0459189 0.0460507 0.0818640 0.0818640 0.0865919 0.0785400 0.0247167 0.0247167 0.0263821 0.0276880 0.0221090 0.0278130 0.0613961 0.0647476 0.0755986 0.0755986 0.0789156 0.0755583 0.0626372 0.0656704 0.0654759 0.0654759 0.0592559 0.0699149 0.0707712 0.0768027 0.0754651 0.0759207 0.0523453 0.0000000 0.0702536 0.0591505 0.0591505 0.0633902 0.0654759 0.0745302 0.0741804 0.0719618 0.0719618 0.0748765 0.0656704 0.0719618 0.0658656 0.0752393 0.0619743 0.0651673 0.0651673 0.0695973 0.0588723 0.0627107 0.0588040 0.0651673 0.0524379 0.0585289 0.0585289 0.0667417 0.0567815 0.0651126 0.1188421 0.1073335 0.0993126 0.2328247 0.2128784 0.0993126 0.0958536 0.1032910 0.0997908 0.2332078 0.1027957 0.2209166 0.1258098 0.1338915 0.0933124 0.2567468 0.0993126 0.3214252 0.0997908 0.0924185 0.2741108 0.0924185 0.1043347 0.2696887 0.1338915 0.0924185 0.1175357 0.1076693 0.1071491 0.3022920 0.1063030 0.1129363 0.1223426 0.1002744 0.0890073 0.1133907 0.2309029 
Leontocebus_fuscicollis      0.0790726 0.0694944 0.0761098 0.0763409 0.0589048 0.0526172 0.0613091 0.0557496 0.0662222 0.0662222 0.0691219 0.0698292 0.0630489 0.0694944 0.0560129 0.0593585 0.0802254 0.0802254 0.0836266 0.0282150 0.0167055 0.0195087 0.0194545 0.0194545 0.0166591 0.0508362 0.0506857 0.0531955 0.0733635 0.0738125 0.0531768 0.0702536 0.0000000 0.0224422 0.0224422 0.0226968 0.0194545 0.0724423 0.0720974 0.0764775 0.0764775 0.0800828 0.0700408 0.0764775 0.0702536 0.0798376 0.0109437 0.0137307 0.0081772 0.0145976 0.0110039 0.0082673 0.0081772 0.0137307 0.0311202 0.0369503 0.0369503 0.0477493 0.0380299 0.0445115 0.1364203 0.1282540 0.1195834 0.2671936 0.2456834 0.1232777 0.1195834 0.1276232 0.1164858 0.2554315 0.1269979 0.2197283 0.1401393 0.1565777 0.1207666 0.2512849 0.1232777 0.3553806 0.1238849 0.1159149 0.2785604 0.1159149 0.1146367 0.3070361 0.1526013 0.1159149 0.1389957 0.1286704 0.1205585 0.2777226 0.1232777 0.1337400 0.1420136 0.1207666 0.1122719 0.1307442 0.2208009 
Leontopithecus_chrysomelas   0.0745302 0.0651672 0.0716216 0.0718348 0.0579861 0.0518030 0.0602630 0.0548835 0.0553963 0.0553963 0.0593637 0.0588039 0.0585965 0.0648614 0.0551388 0.0584259 0.0755986 0.0755986 0.0789155 0.0336003 0.0164594 0.0248961 0.0248275 0.0248275 0.0164143 0.0500325 0.0506270 0.0538396 0.0689117 0.0693254 0.0523453 0.0591505 0.0224422 0.0000000 0.0000010 0.0223562 0.0248275 0.0745302 0.0741804 0.0719617 0.0719617 0.0748769 0.0656704 0.0719617 0.0658661 0.0752393 0.0218898 0.0247167 0.0247167 0.0262763 0.0219498 0.0221319 0.0190833 0.0247167 0.0306543 0.0363944 0.0363944 0.0469954 0.0374412 0.0449932 0.1327986 0.1297302 0.1211592 0.2617538 0.2407894 0.1211592 0.1175365 0.1254119 0.1144910 0.2651685 0.1248069 0.2242726 0.1414618 0.1498625 0.1223392 0.2555366 0.1211592 0.3491504 0.1217467 0.1139385 0.2776509 0.1139385 0.1164022 0.2955220 0.1498625 0.1139385 0.1365588 0.1227283 0.1184792 0.2863151 0.1211592 0.1354805 0.1351612 0.1223392 0.1103651 0.1284796 0.2209167 
Leontopithecus_rosalia       0.0745302 0.0651672 0.0716216 0.0718348 0.0579861 0.0518030 0.0602630 0.0548835 0.0553963 0.0553963 0.0593637 0.0588039 0.0585965 0.0648614 0.0551388 0.0584259 0.0755986 0.0755986 0.0789155 0.0336003 0.0164594 0.0248961 0.0248275 0.0248275 0.0164143 0.0500325 0.0506270 0.0538396 0.0689117 0.0693254 0.0523453 0.0591505 0.0224422 0.0000010 0.0000000 0.0223562 0.0248275 0.0745302 0.0741804 0.0719617 0.0719617 0.0748769 0.0656704 0.0719617 0.0658661 0.0752393 0.0218898 0.0247167 0.0247167 0.0262763 0.0219498 0.0221319 0.0190833 0.0247167 0.0306543 0.0363944 0.0363944 0.0469954 0.0374412 0.0449932 0.1327986 0.1297302 0.1211592 0.2617538 0.2407894 0.1211592 0.1175365 0.1254119 0.1144910 0.2651685 0.1248069 0.2242726 0.1414618 0.1498625 0.1223392 0.2555366 0.1211592 0.3491504 0.1217467 0.1139385 0.2776509 0.1139385 0.1164022 0.2955220 0.1498625 0.1139385 0.1365588 0.1227283 0.1184792 0.2863151 0.1211592 0.1354805 0.1351612 0.1223392 0.1103651 0.1284796 0.2209167 
Mico_argentatus              0.0754248 0.0692020 0.0724822 0.0760151 0.0650146 0.0650146 0.0667203 0.0618281 0.0595011 0.0595011 0.0626576 0.0630114 0.0627861 0.0692020 0.0621199 0.0655157 0.0798788 0.0798788 0.0832632 0.0279490 0.0053873 0.0081328 0.0081109 0.0081109 0.0026909 0.0570178 0.0577089 0.0606830 0.0730507 0.0734958 0.0529597 0.0633902 0.0226968 0.0223562 0.0223562 0.0000000 0.0026837 0.0754248 0.0750668 0.0761505 0.0761505 0.0780797 0.0697437 0.0761505 0.0699547 0.0794944 0.0164762 0.0192937 0.0192937 0.0201618 0.0165671 0.0166590 0.0136792 0.0192937 0.0369104 0.0427859 0.0427859 0.0539086 0.0440400 0.0520177 0.1304032 0.1239103 0.1153805 0.2560084 0.2304397 0.1153805 0.1117576 0.1196122 0.1086900 0.2453471 0.1190286 0.2184895 0.1394587 0.1401479 0.1128583 0.2497808 0.1153805 0.3490697 0.1159462 0.1081598 0.2719516 0.1081598 0.1179952 0.2948672 0.1401479 0.1081598 0.1307632 0.1132185 0.1126623 0.2869672 0.1153805 0.1287611 0.1301674 0.1128583 0.1045870 0.1227021 0.2285204 
Mico_humeralifer             0.0740908 0.0647851 0.0711988 0.0714096 0.0607585 0.0607585 0.0632893 0.0576529 0.0553331 0.0553331 0.0592905 0.0587358 0.0585289 0.0647851 0.0579200 0.0612178 0.0751469 0.0751469 0.0784425 0.0247847 0.0080241 0.0053156 0.0053016 0.0053016 0.0053156 0.0528652 0.0534919 0.0570670 0.0685034 0.0689121 0.0489702 0.0654759 0.0194545 0.0248275 0.0248275 0.0026837 0.0000000 0.0708655 0.0705352 0.0715351 0.0715351 0.0743735 0.0652825 0.0715351 0.0654759 0.0747917 0.0134584 0.0217707 0.0162091 0.0231315 0.0135312 0.0136048 0.0162091 0.0217707 0.0333783 0.0391190 0.0391190 0.0498293 0.0402419 0.0478919 0.1304032 0.1179356 0.1096817 0.2459656 0.2256398 0.1096817 0.1061569 0.1137768 0.1031509 0.2396246 0.1132308 0.2096844 0.1330380 0.1336853 0.1071849 0.2399439 0.1096817 0.3360215 0.1102106 0.1026562 0.2708783 0.1026562 0.1117804 0.2835282 0.1336853 0.1026562 0.1246226 0.1075196 0.1070003 0.2814095 0.1096817 0.1217239 0.1261423 0.1071849 0.0991795 0.1168042 0.2193955 
Pithecia_irrorata            0.0734022 0.0705352 0.0769773 0.0772046 0.0806095 0.0806095 0.0851406 0.0773387 0.0737450 0.0737450 0.0756216 0.0773387 0.0706192 0.0769773 0.0331369 0.0361297 0.0744397 0.0744397 0.0777034 0.0809497 0.0745302 0.0710738 0.0708655 0.0708655 0.0710738 0.0794529 0.0804305 0.0800828 0.0615033 0.0618649 0.0275641 0.0745302 0.0724423 0.0745302 0.0745302 0.0754248 0.0708655 0.0000000 0.0053246 0.0708655 0.0708655 0.0699498 0.0646715 0.0708655 0.0648614 0.0740908 0.0673480 0.0769773 0.0705352 0.0821994 0.0677430 0.0681427 0.0705352 0.0769773 0.0578190 0.0638861 0.0638861 0.0762456 0.0657893 0.0714272 0.1061496 0.1276719 0.1192555 0.2345868 0.2234984 0.1264564 0.1228436 0.1307164 0.1198264 0.2481757 0.1300939 0.2227293 0.1498456 0.1582676 0.1276719 0.2583841 0.1264564 0.3330370 0.1270616 0.1192555 0.2950900 0.1192555 0.1299234 0.2809056 0.1582676 0.1192555 0.1418312 0.1311281 0.1274605 0.3038913 0.1264564 0.1372764 0.1450412 0.1276719 0.1156919 0.1337564 0.2416586 
Pithecia_pithecia            0.0730624 0.0702078 0.0766190 0.0768443 0.0802323 0.0802323 0.0847055 0.0769773 0.0734022 0.0734022 0.0752468 0.0769773 0.0702911 0.0766190 0.0329892 0.0359679 0.0740908 0.0740908 0.0773387 0.0805694 0.0741804 0.0707415 0.0705352 0.0705352 0.0707415 0.0790720 0.0800406 0.0796461 0.0612170 0.0615755 0.0274413 0.0741804 0.0720974 0.0741804 0.0741804 0.0750668 0.0705352 0.0053246 0.0000000 0.0705352 0.0705352 0.0695819 0.0643701 0.0705352 0.0645583 0.0737450 0.0670358 0.0766190 0.0702078 0.0817927 0.0674273 0.0678234 0.0702078 0.0766190 0.0575528 0.0635917 0.0635917 0.0758801 0.0654775 0.0710773 0.1053309 0.1270616 0.1186894 0.2334763 0.2224383 0.1258562 0.1222605 0.1300939 0.1192555 0.2467218 0.1294766 0.2216752 0.1536661 0.1621582 0.1270616 0.2571769 0.1258562 0.3315554 0.1264564 0.1186894 0.2937445 0.1186894 0.1292598 0.2796053 0.1621582 0.1186894 0.1411566 0.1348208 0.1268517 0.3023143 0.1258562 0.1365217 0.1442871 0.1270616 0.1151428 0.1331218 0.2405256 
